321149 NA
321150 881.535
321151 1842.176
321155 432.438
321156 427.211
321158 394.254
321157 394.25
321160 NA
321161 NA
321159 NA
321162 NA
321163 NA
321164 NA
321165 NA
321166 NA
321167 432.031
321168 425.754
321169 426.559
321170 426.91
321171 427.328
321173 624.73
321172 432.945
321175 623.824
321176 427.883
321174 427.348
321178 624.215
321177 431.102
321179 426.145
321180 624.023
321181 426.535
321182 431.109
321184 426.023
321183 816.234
321185 434.363
321186 753.785
321187 610.523
321188 397.609
321189 415.344
321190 416.207
321193 397.594
321192 416.176
321191 415.676
321195 612.691
321196 415.242
321194 416.723
321198 416.605
321199 414.984
321197 416.773
321200 397.625
321201 415.969
321202 415.672
321204 612.387
321205 416.508
321203 802.008
321206 415.52
321210 394.25
321208 413.773
321209 413.793
321207 414.023
321213 416.551
321212 617.77
321216 413.164
321214 413.953
321215 413.977
321211 620.367
321217 413.957
321218 413.848
321219 413.809
321220 416.805
321222 396.117
321221 417.785
321223 413.914
321225 413.879
321224 413.965
321226 413.762
321231 3646.464
321233 4643.84
321234 486.555
321235 787.145
321228 3905.536
321236 805.332
321227 3416.064
321229 3448.832
321232 4742.144
321230 4271.104
321267 960.402
321268 979.312
321266 965.773
321263 982.254
321269 952.883
321265 967.664
321262 971.859
321261 977.543
321270 954.344
321264 986.738
321277 1026.048
321275 1135.616
321282 347.945
321281 375.625
321289 789.469
321292 446.941
321285 422.527
321283 422.277
321273 1165.312
321290 422.328
321291 447.406
321284 498.09
321286 422.535
321287 498.016
321288 610.355
321280 1364.992
321271 1298.432
321276 1360.896
321279 1566.72
321274 1804.288
321300 722.93
321301 537.805
321296 524.965
321299 516.441
321293 723.051
321297 852.535
321295 527.113
321294 728.023
321298 925.629
321302 538.953
321272 2035.712
321312 520.129
321304 903.883
321309 532.145
321308 526.93
321310 533.367
321306 923.848
321303 532.137
321305 527.461
321311 845.805
321307 541.176
321313 522.918
321315 891.648
321320 885.047
321318 885.93
321314 889.047
321316 889.043
321319 423.949
321317 892.691
321323 819.965
321322 929.613
321329 919.605
321337 950.93
321328 949.359
321336 1048.576
321332 995.344
321334 1098.752
321333 1120.256
321338 883.613
321340 885.156
321339 886.832
321344 622.719
321343 882.906
321341 880.359
321342 882.148
321347 819.352
321345 886.516
321346 819.578
321348 821.773
321349 424.117
321350 883.711
321351 885.512
321354 753.84
321352 817.535
321355 820.184
321353 885.348
321357 755.492
321356 883.125
321358 613.727
321359 870.762
321361 740.176
321362 871.82
321363 871.41
321360 870.809
321365 743.168
321366 740.867
321364 875.941
321367 869.59
321368 869.312
321370 872.445
321369 871.27
321371 870.75
321374 870.77
321373 869.293
321375 871.355
321372 871.195
321377 868.965
321376 873.672
321331 1382.4
321379 876.133
321378 880.84
321380 884.355
321385 879.34
321390 889.418
321388 882.816
321397 616.23
321381 879.477
321383 893.816
321394 1935.36
321389 894.242
321386 903.977
321391 1944.576
321384 908.207
321396 889.051
321393 909.039
321392 883.559
321395 904.203
321387 908.445
321382 919.738
321330 1413.12
321335 1998.848
321278 3714.048
321398 393.73
321399 NA
321400 356.02
321401 NA
321402 NA
321403 394.254
321407 NA
321405 NA
321404 NA
321406 NA
321409 NA
321411 NA
321408 NA
321410 414.371
321412 NA
321415 NA
321413 NA
321414 NA
321416 117.66
321419 NA
321417 NA
321418 NA
321420 394.379
321422 394.375
321421 394.383
321423 394.379
321427 NA
321424 NA
321428 NA
321425 NA
321426 NA
321432 NA
321431 NA
321429 NA
321433 NA
321430 NA
321436 NA
321438 NA
321434 411.949
321435 415.59
321437 412.461
321439 416.145
321440 394.379
321441 394.383
321443 414.906
321446 394.254
321444 NA
321442 394.25
321445 413.266
321448 528.258
321449 417.316
321450 415.621
321451 415.359
321447 415.363
321452 415.512
321453 375.566
321457 398.449
321458 413.473
321454 414.551
321455 398.445
321456 398.441
321459 398.445
321466 618.805
321463 617.207
321474 669.398
321479 1039.36
321462 648.609
321461 769.848
321460 696.816
321464 631.688
321467 642.77
321471 687.82
321469 686.582
321478 630.238
321476 618.957
321472 622.188
321465 778.871
321470 635.926
321468 618.051
321473 615.984
321477 987.578
321475 631.469
321481 574.859
321484 569.773
321486 569.926
321487 566.387
321488 569.527
321482 677.184
321480 894.703
321485 677.75
321483 892.855
321496 644.707
321495 564.438
321497 656.395
321498 956.039
321500 576.758
321492 946.625
321489 641.855
321494 764.293
321321 423.777
321514 999.66
321501 573.059
321493 639.141
321518 410.359
321520 409.996
321519 410.0
321521 425.07
321522 394.25
321526 393.984
321524 394.25
321523 394.254
321525 394.25
321530 398.445
321528 398.445
321529 398.441
321527 398.441
321531 394.254
321536 398.445
321535 398.445
321532 398.445
321534 398.445
321537 394.25
321533 398.445
321541 395.875
321538 398.445
321539 395.875
321540 395.871
321543 375.562
321542 375.562
321546 NA
321545 NA
321544 NA
321547 NA
321548 394.254
321549 394.254
321551 NA
321550 NA
321556 NA
321552 NA
321555 395.523
321554 395.535
321553 395.512
321559 395.508
321557 395.508
321560 395.523
321558 395.52
321561 397.586
321562 375.566
321565 375.566
321563 375.562
321564 375.566
321566 394.25
321570 NA
321567 NA
321569 NA
321568 NA
321571 350.324
321576 NA
321573 NA
321574 NA
321572 NA
321575 407.23
321577 394.254
321579 NA
321578 NA
321580 394.312
321581 117.66
321584 397.949
321583 398.059
321582 398.059
321585 397.676
321590 398.117
321589 398.105
321588 399.766
321587 403.289
321591 396.285
321594 398.086
321593 398.25
321592 398.113
321595 399.68
321586 403.871
321597 395.992
321598 398.184
321600 398.047
321599 398.098
321596 400.852
321601 395.988
321604 398.844
321603 398.121
321602 399.629
321605 398.762
321606 398.949
321610 397.988
321608 397.203
321607 398.508
321611 398.496
321613 399.883
321609 399.996
321612 399.152
321615 397.621
321618 398.148
321614 399.059
321616 399.246
321619 399.461
321617 398.945
321620 399.785
321621 398.902
321624 410.0
321623 405.887
321622 410.355
321630 404.891
321625 410.754
321626 410.414
321628 412.027
321629 413.547
321627 411.262
321635 409.164
321634 407.75
321631 412.551
321633 410.719
321636 412.477
321632 410.562
321639 410.004
321637 412.418
321638 412.434
321641 410.27
321640 412.629
321642 403.953
321643 399.766
321644 404.633
321647 403.883
321654 403.746
321653 403.82
321652 404.023
321649 403.715
321657 402.203
321661 400.168
321648 403.562
321650 405.008
321658 404.91
321655 403.992
321645 404.191
321659 404.586
321660 406.754
321646 406.434
321656 405.785
321651 407.699
321662 399.336
321663 399.086
321666 399.379
321667 399.371
321664 399.719
321665 399.238
321669 399.336
321668 399.988
321672 399.293
321671 399.148
321673 399.238
321674 398.684
321670 398.867
321678 399.082
321676 399.777
321675 399.289
321680 399.273
321677 399.406
321679 399.434
321681 399.328
321684 408.859
321682 409.699
321683 410.691
321685 410.582
321689 409.742
321690 412.156
321688 408.363
321691 410.289
321687 410.941
321686 411.012
321693 409.246
321694 408.48
321697 408.66
321696 408.645
321695 410.137
321692 408.902
321698 408.52
321701 412.078
321699 408.188
321700 411.152
321499 405.449
321711 415.688
321712 413.453
321715 411.574
321714 412.766
321717 416.113
321713 417.359
321719 411.621
321720 414.117
321716 413.629
321723 413.754
321721 411.672
321718 525.012
321724 415.152
321722 416.418
321726 409.418
321727 413.691
321729 411.719
321725 411.844
321728 419.621
321730 417.195
321732 403.426
321731 405.016
321737 403.535
321733 404.98
321734 403.371
321735 508.551
321738 412.203
321740 404.891
321736 471.434
321742 404.0
321741 409.176
321744 408.758
321739 411.523
321743 410.551
321745 403.262
321750 404.113
321747 407.363
321749 407.984
321748 411.863
321746 414.754
321756 416.332
321767 678.707
321763 684.027
321754 687.141
321752 690.395
321765 687.43
321757 618.344
321764 563.422
321761 421.828
321502 425.48
321504 426.059
321507 425.633
321503 425.852
321506 425.609
321508 429.094
321505 425.465
321509 425.688
321510 425.82
321511 425.906
321751 469.996
321755 424.328
321753 689.996
321762 627.812
322159 463.883
321759 1418.24
321758 531.301
321760 706.547
321768 627.57
321769 522.789
321766 627.621
321770 581.281
322160 458.266
322165 458.266
322161 400.484
322164 458.266
322162 569.738
322163 458.266
322167 400.52
322172 400.379
322166 467.246
322168 400.461
322169 400.461
322170 400.453
322171 403.328
322173 400.555
322176 569.738
322175 400.59
322174 452.469
322177 569.738
322179 560.641
322178 400.738
322180 407.68
322182 458.266
322181 681.211
322183 458.266
322185 458.266
322184 679.012
322192 458.266
322190 458.266
322194 407.727
322193 407.039
322191 681.211
322187 458.266
322189 681.211
322186 569.738
322188 407.891
322197 407.711
322195 458.266
322199 407.66
322196 407.988
322198 458.266
322206 458.266
322202 519.473
322200 404.57
322212 467.305
322211 470.641
322209 679.012
322219 403.445
322214 681.211
322213 569.738
322215 405.328
322201 569.738
322207 407.949
322218 408.102
322216 467.305
322203 408.199
322208 681.211
322205 567.539
322217 408.871
322204 407.906
322580 578.777
322572 423.547
322577 418.285
322576 428.051
322565 423.852
322578 426.238
322570 416.793
322573 425.461
322562 420.129
322571 425.953
322581 424.301
322575 423.445
322568 423.383
322564 420.461
322567 427.855
322563 425.254
322569 426.391
322574 425.199
322566 426.703
322579 426.367
322588 473.703
322585 474.738
322587 474.621
322589 474.742
322586 474.629
322584 474.547
322583 474.656
322590 474.891
322591 474.699
322582 474.738
322602 406.914
322596 475.113
322601 474.699
322597 474.59
322595 474.812
322594 474.891
322600 474.586
322592 474.969
322593 569.738
322599 474.695
322598 474.434
322609 438.34
322610 438.57
322608 438.223
322605 438.156
322607 437.195
322604 436.711
322611 437.992
322613 437.68
322612 438.484
322606 438.484
322210 681.211
322623 437.773
322619 438.492
322618 437.832
322615 550.492
322622 436.969
322621 438.68
322616 439.164
322614 438.051
322620 438.02
322617 549.547
322625 436.293
322628 436.301
322630 436.617
322632 548.766
322626 549.523
322631 548.719
322624 435.594
322629 437.047
322627 548.133
322650 436.992
322649 437.68
322651 437.828
322652 438.438
322654 435.918
322645 437.672
322693 161.703
322694 NA
322695 173.223
322696 241.5
322697 241.5
322698 175.695
322699 NA
322703 NA
322702 NA
322704 NA
322705 NA
322701 NA
322700 NA
322710 NA
322706 NA
322707 NA
322709 NA
322711 NA
322708 NA
322717 NA
322713 NA
322712 NA
322716 NA
322714 NA
322718 NA
322715 NA
322719 NA
322720 NA
322722 NA
322724 NA
322723 NA
322721 NA
322728 NA
322727 NA
322725 NA
322730 NA
322731 NA
322726 NA
322729 NA
322734 NA
322736 NA
322737 NA
322735 NA
322732 NA
322733 NA
322738 NA
322739 185.875
322741 185.852
322740 186.43
322743 185.137
322745 186.043
322742 186.289
322744 186.082
322746 186.133
322747 186.387
322752 185.609
322748 185.895
322749 186.215
322751 186.301
322750 185.941
322753 186.414
322754 186.129
322757 186.301
322756 186.336
322755 185.953
322758 186.98
322759 294.824
322633 436.805
322760 295.598
322761 293.938
322763 295.195
322764 295.109
322762 295.09
322765 295.242
322766 295.703
322767 294.43
322772 295.047
322769 294.785
322768 295.609
322771 295.234
322773 295.223
322770 294.898
322777 295.352
322774 295.043
322776 295.789
322778 295.281
322775 295.938
322647 436.949
322780 1217.536
322779 1217.536
322786 1217.536
322783 1217.536
322784 1217.536
322785 1218.56
322791 1216.512
322782 1218.56
322781 1217.536
322793 1217.536
322789 1217.536
322788 1217.536
322787 1218.56
322795 1217.536
322794 1217.536
322792 1217.536
322790 1218.56
322796 1217.536
322797 1217.536
322798 1217.536
322801 245.332
322800 245.332
322799 245.332
322804 245.332
322803 245.332
322802 245.332
322805 245.332
322806 245.332
322807 245.332
322810 245.332
322809 245.332
322808 245.332
322813 245.332
322812 245.332
322811 245.332
322818 245.332
322817 245.332
322815 245.332
322814 245.332
322816 245.332
322820 NA
322821 NA
322822 NA
322819 NA
322823 NA
322828 NA
322831 NA
322826 NA
322830 NA
322827 NA
322825 NA
322824 NA
322829 NA
322832 NA
322836 NA
322835 NA
322834 NA
322837 NA
322833 NA
322838 NA
322839 NA
322840 NA
322842 NA
322841 NA
322843 NA
322847 NA
322844 NA
322845 NA
322849 NA
322846 NA
322848 NA
322852 NA
322853 NA
322850 NA
322851 NA
322854 NA
322855 NA
322856 NA
322858 NA
322857 NA
322655 436.48
322874 170.488
322873 161.336
322872 177.797
322876 NA
322875 NA
322877 NA
322878 NA
322880 178.773
322879 178.703
322882 NA
322881 NA
322884 NA
322883 177.121
322887 NA
322885 NA
322886 181.035
322888 NA
322889 180.535
322890 182.562
322891 173.785
322894 161.594
322896 161.594
322895 161.594
322897 206.289
322898 161.594
322899 193.621
322901 195.953
322900 192.297
322902 161.594
322903 194.312
322904 199.848
322905 161.594
322906 195.641
322907 206.973
322908 161.594
322910 191.5
322909 190.391
322911 189.375
322913 161.594
322912 196.945
322914 247.523
322916 247.523
322917 247.523
322915 247.523
322920 247.523
322919 247.523
322921 247.523
322918 247.523
322923 247.523
322924 247.523
322922 247.523
322925 247.523
322927 247.523
322928 247.523
322926 247.523
322932 247.523
322930 247.523
322929 247.523
322931 247.523
322933 247.523
322949 789.895
322935 852.125
322938 810.875
322950 886.816
322934 1113.088
322953 795.102
322947 1171.456
322943 1078.272
322946 1252.352
322939 1177.6
322951 1186.816
322941 1336.32
322948 1095.68
322945 1253.376
322942 1549.312
322952 1456.128
322936 1765.376
322940 1696.768
322944 1896.448
322937 2209.792
322955 232.031
322954 243.926
322956 221.863
322957 244.758
322958 236.566
322960 234.07
322959 239.125
322961 228.109
322962 243.852
322965 224.836
322963 240.078
322964 238.195
322967 228.523
322969 233.867
322966 235.508
322968 237.707
322970 223.566
322971 246.062
322972 230.227
322973 227.852
322974 250.414
322977 240.691
322975 226.559
322978 237.09
322976 229.414
322979 240.336
322982 218.617
322983 225.664
322981 237.965
322987 230.84
322980 240.086
322984 233.113
322985 229.762
322986 229.793
322989 237.836
322990 230.754
322988 239.344
322991 208.793
322992 220.176
322993 250.691
323003 253.762
322996 261.215
323004 259.133
323006 250.707
323013 272.328
322995 296.25
323011 259.5
323009 266.395
323007 261.641
323008 325.18
322994 351.18
323010 339.242
323005 310.293
323001 340.703
322997 365.844
322999 417.797
323002 446.594
322998 538.879
323014 261.531
323015 261.531
323017 261.527
323016 261.531
323018 261.531
323019 261.527
323021 261.527
323020 261.527
323022 261.527
323024 261.527
323023 261.527
323025 261.527
323026 261.527
323028 261.527
323029 261.527
323027 261.527
323032 261.527
323030 261.527
323033 261.527
323031 261.527
323034 184.379
323036 165.734
323035 165.734
323037 184.148
323039 165.734
323038 165.734
323041 165.73
323040 193.488
323044 180.664
323043 191.711
323042 186.707
323048 165.73
323046 165.734
323045 169.57
323047 165.73
323049 165.73
323051 183.816
323050 195.773
323052 165.734
323053 185.121
323012 624.395
323060 7939.072
323072 8901.632
323055 12126.208
323068 10179.584
323058 11449.344
323067 16481.28
323069 12437.504
323063 14451.712
323057 15379.456
323070 18217.984
323056 13975.552
323061 15260.672
322646 438.941
323071 31843.328
323000 2345.984
323066 21189.632
323073 27056.128
323059 27430.912
323065 31657.984
323064 32227.328
323074 76602.368
323062 25224.192
323054 12692.48
323076 8762.368
323075 8827.904
323084 11909.12
323080 11496.448
323079 11450.368
323083 11490.304
323081 16941.056
323082 16264.192
323093 17379.328
323078 16447.488
323089 16225.28
323085 16295.936
323114 NA
323115 NA
323118 NA
323116 567.539
323117 117.66
323123 NA
323124 NA
323119 NA
323121 NA
323120 NA
323122 NA
323125 346.793
323131 NA
323129 NA
323130 NA
323128 NA
323126 NA
323132 NA
323127 NA
323133 NA
323138 NA
323139 NA
323136 NA
323137 458.891
323140 458.742
323143 NA
323142 NA
323147 NA
323141 NA
323145 NA
323144 NA
323146 NA
323152 NA
323150 NA
323149 NA
323148 NA
323151 NA
323154 NA
323153 NA
323155 NA
323160 NA
323158 NA
323159 NA
323157 349.961
323161 349.961
323168 NA
323165 NA
323162 NA
323164 NA
323166 NA
323163 NA
323167 NA
323171 NA
323169 NA
323173 NA
323172 NA
323170 NA
323174 NA
323176 NA
323175 NA
323180 NA
323182 NA
323181 NA
323183 349.961
323179 349.961
323178 NA
323187 NA
323184 NA
323190 NA
323186 NA
323188 NA
323189 NA
323185 NA
323192 NA
323195 NA
323193 NA
323194 NA
323191 NA
323197 NA
323196 NA
323200 NA
323201 NA
323205 NA
323202 NA
323206 NA
323207 NA
323204 NA
323203 NA
323208 NA
323210 NA
323213 NA
323214 NA
323212 NA
323211 NA
323209 NA
323218 NA
323217 NA
323215 NA
323219 NA
323216 NA
323220 NA
323320 NA
323321 NA
323322 NA
323326 169.422
323324 463.883
323325 463.883
323323 NA
323327 NA
323332 NA
323333 NA
323330 NA
323331 NA
323329 NA
323328 NA
323336 NA
323334 NA
323337 NA
323338 NA
323339 NA
323335 NA
323343 NA
323340 NA
323342 NA
323341 NA
323345 NA
323344 NA
323347 NA
323349 NA
323350 NA
323351 NA
323346 NA
323348 NA
323352 NA
323357 NA
323356 NA
323353 NA
323354 NA
323355 NA
323359 NA
323358 185.445
323361 NA
323363 NA
323360 NA
323362 NA
323368 NA
323365 NA
323364 NA
323369 NA
323367 NA
323366 NA
323370 NA
323372 NA
323371 NA
323374 NA
323375 NA
323373 NA
323376 NA
323377 NA
323378 NA
323379 NA
323383 NA
323380 NA
323381 NA
323382 182.637
323386 NA
323385 NA
323384 NA
323389 183.957
323387 NA
323390 180.777
323388 176.258
323391 NA
323394 NA
323392 NA
323393 NA
323396 NA
323397 NA
323395 NA
323399 NA
323398 NA
323400 220.945
323401 282.172
323403 239.309
323402 266.375
323404 245.855
323405 231.883
323406 349.961
323407 195.965
323409 186.871
323408 192.438
323411 NA
323413 NA
323412 202.34
323410 196.039
323414 195.762
323415 NA
323416 NA
323423 195.734
323426 190.945
323429 197.273
323425 191.773
323427 192.848
323428 189.102
323424 NA
323432 NA
323433 NA
323431 NA
323430 187.305
323434 199.141
323437 NA
323438 188.266
323436 192.289
323435 NA
323439 191.078
323440 NA
323441 NA
323444 NA
323446 NA
323448 NA
323443 NA
323442 NA
323445 NA
323447 NA
323452 NA
323450 NA
323451 NA
323455 NA
323454 NA
323449 NA
323453 NA
323456 NA
323459 NA
323457 NA
323458 NA
323464 NA
323461 NA
323460 NA
323463 NA
323462 NA
323469 NA
323467 NA
323466 NA
323465 NA
323468 NA
323473 NA
323474 NA
323475 NA
323472 180.707
323476 NA
323471 183.559
323470 211.531
323479 NA
323477 NA
323478 185.75
323091 31754.24
323092 32012.288
323088 27008.0
323086 31722.496
323090 32148.48
323087 31290.368
323488 637.074
323486 637.074
323483 637.074
323490 637.074
323487 637.074
323484 637.074
323491 637.074
323494 637.074
323496 637.074
323497 637.074
323492 637.074
323485 637.074
323482 637.074
323480 637.074
323493 637.074
323481 637.074
323489 637.074
323498 637.074
323499 637.074
323495 637.074
323094 32130.048
323077 32112.64
323500 7731.2
323514 9476.096
322653 405.672
323503 16323.584
323504 10336.256
323502 8901.632
323737 377.957
323738 NA
323739 NA
323742 394.156
323740 500.43
323741 498.496
323746 NA
323748 NA
323743 NA
323747 NA
323745 NA
323744 NA
323753 NA
323750 NA
323754 NA
323749 NA
323751 NA
323752 NA
323756 394.152
323755 394.215
323759 NA
323762 NA
323757 394.09
323761 394.094
323758 394.094
323760 NA
323765 NA
323766 NA
323764 NA
323768 NA
323763 NA
323767 NA
323771 NA
323770 NA
323769 NA
323772 NA
323775 NA
323773 NA
323774 394.09
323776 408.84
323779 NA
323777 394.09
323778 394.094
323780 394.094
323785 NA
323781 398.645
323782 398.449
323783 NA
323784 398.453
323786 394.215
323793 NA
323789 NA
323791 NA
323792 117.66
323790 398.449
323787 398.453
323788 398.453
323796 NA
323795 394.215
323794 398.449
323799 NA
323797 394.09
323800 394.094
323798 394.09
323803 NA
323806 NA
323801 396.09
323805 394.152
323802 397.09
323804 397.504
323814 NA
323809 NA
323811 398.121
323808 396.086
323810 396.996
323807 397.621
323812 117.664
323813 394.09
323816 394.152
323815 394.152
323817 394.094
323819 397.504
323820 398.039
323821 395.672
323824 399.07
323822 398.305
323818 397.652
323823 395.25
323826 397.891
323827 397.906
323828 398.164
323831 398.973
323829 397.777
323832 398.566
323825 398.277
323830 397.633
323833 396.73
323834 395.672
323836 398.422
323835 396.598
323516 7081.984
323505 11883.52
323508 15036.416
323519 12687.36
323517 12584.96
323512 10490.88
323510 11188.224
323506 6003.712
323513 8745.984
323511 31958.016
323509 21088.256
323501 11381.76
323518 18863.104
323507 22857.728
323515 32357.376
323911 117.66
323909 123.277
323910 141.73
323918 NA
323913 NA
323912 229.773
323916 NA
323915 NA
323914 NA
323917 211.262
323920 NA
323924 NA
323921 NA
323919 NA
323923 NA
323925 NA
323922 NA
323927 NA
323928 228.641
323926 NA
323931 200.266
323932 197.398
323929 206.461
323933 216.91
323934 205.27
323930 210.688
323938 192.68
323940 NA
323936 203.27
323935 204.668
323939 202.613
323937 206.93
323946 NA
323942 201.004
323941 204.195
323944 202.176
323947 214.578
323948 201.035
323943 207.562
323945 205.625
323949 399.723
323950 400.719
323955 399.484
323954 400.578
323952 400.523
323953 401.062
323957 400.688
323956 400.426
323951 401.492
323958 400.465
323959 NA
323961 423.535
323960 419.996
325188 943.074
325185 992.059
325190 964.918
325187 1031.168
325189 1011.488
325229 1071.104
325227 1179.648
325212 1265.664
325186 1849.344
325201 1720.32
326129 235.32
326132 NA
326130 NA
326131 189.023
326134 NA
326135 190.121
326133 193.652
326137 191.488
326139 193.617
326136 193.855
326138 197.043
326149 1009.613
326143 1011.211
326145 1101.824
326150 166.781
326151 NA
326153 200.703
326152 197.516
326156 NA
326155 NA
326154 NA
326157 196.473
326159 NA
326158 194.598
326144 1289.216
323962 4938.752
323963 4148.224
323964 5314.56
323965 7011.328
323966 7112.704
323968 5919.744
323967 644.203
323969 644.059
326142 1384.448
323971 662.707
323970 643.707
326161 249.332
326162 249.738
326160 244.109
326165 254.273
326163 234.836
326164 262.797
326140 1520.64
326146 1894.4
326141 2114.56
326376 826.305
326377 889.113
326383 507.684
326385 422.926
326381 885.281
326378 500.32
326380 424.457
326395 421.539
326382 822.418
326388 422.961
326390 610.031
326391 422.293
326387 423.371
326389 423.262
326393 891.277
326394 424.578
326392 422.984
326386 738.539
326147 2543.616
326148 3079.168
326268 426.117
326271 425.867
326275 425.703
326266 449.648
326267 450.066
326269 449.77
326270 449.727
326272 453.105
326273 449.707
326274 449.645
326396 235.32
326398 NA
326397 184.43
326399 NA
326400 NA
326401 NA
326402 NA
326403 NA
326379 422.281
326384 423.023
326570 176.246
326572 176.398
326571 175.359
326573 NA
326576 NA
326574 NA
326575 NA
326578 NA
326579 NA
326577 NA
326580 NA
326584 NA
326581 NA
326582 NA
326583 176.816
326586 NA
326588 NA
326585 NA
326587 NA
326590 NA
326589 NA
326594 NA
326600 NA
326598 NA
326601 NA
326595 NA
326599 NA
326596 171.988
326597 NA
326604 NA
326608 NA
326605 179.562
326606 NA
326607 NA
326602 NA
326603 181.105
326611 NA
326613 NA
326612 NA
326610 NA
326609 NA
