asia_100_1 | 0.08 | 0.23 | 0.31
asia_100_2 | 0.01 | 0.059 | 0.069
asia_100_3 | 0.05 | 0.119 | 0.169
asia_100_4 | 0.05 | 0.154 | 0.204
asia_100_5 | 0.01 | 0.065 | 0.075
asia_100_6 | 0.01 | 0.055 | 0.065
asia_100_7 | 0.01 | 0.065 | 0.075
asia_100_8 | 0.01 | 0.068 | 0.078
asia_100_9 | 0.01 | 0.065 | 0.075
asia_100_10 | 0.01 | 0.052 | 0.062
asia_100_11 | 0.01 | 0.064 | 0.074
asia_100_12 | 0.04 | 0.118 | 0.158
asia_100_13 | 0.01 | 0.108 | 0.118
asia_100_14 | 0.01 | 0.062 | 0.072
asia_100_15 | 0.01 | 0.061 | 0.071
asia_100_16 | 0.01 | 0.105 | 0.115
asia_100_17 | 0.01 | 0.058 | 0.068
asia_100_18 | 0.01 | 0.058 | 0.068
asia_100_19 | 0.01 | 0.101 | 0.111
asia_100_20 | 0.01 | 0.041 | 0.051
asia_1000_1 | 0.01 | 0.212 | 0.222
asia_1000_2 | 0.01 | 0.12 | 0.13
asia_1000_3 | 0.01 | 0.065 | 0.075
asia_1000_4 | 0.01 | 0.213 | 0.223
asia_1000_5 | 0.01 | 0.117 | 0.127
asia_1000_6 | 0.01 | 0.057 | 0.067
asia_1000_7 | 0.01 | 0.066 | 0.076
asia_1000_8 | 0.03 | 0.088 | 0.118
asia_1000_9 | 0.01 | 0.064 | 0.074
asia_1000_10 | 0.01 | 0.054 | 0.064
asia_1000_11 | 0.01 | 0.059 | 0.069
asia_1000_12 | 0.01 | 0.088 | 0.098
asia_1000_13 | 0.01 | 0.066 | 0.076
asia_1000_14 | 0.01 | 0.072 | 0.082
asia_1000_15 | 0.01 | 0.076 | 0.086
asia_1000_16 | 0.01 | 0.067 | 0.077
asia_1000_17 | 0.01 | 0.068 | 0.078
asia_1000_18 | 0.01 | 0.066 | 0.076
asia_1000_19 | 0.01 | 0.059 | 0.069
asia_1000_20 | 0.01 | 0.066 | 0.076
asia_10000_1 | 0.01 | 0.086 | 0.096
asia_10000_2 | 0.01 | 0.094 | 0.104
asia_10000_3 | 0.01 | 0.085 | 0.095
asia_10000_4 | 0.01 | 0.07 | 0.08
asia_10000_5 | 0.01 | 0.091 | 0.101
asia_10000_6 | 0.01 | 0.056 | 0.066
asia_10000_7 | 0.05 | 0.085 | 0.135
asia_10000_8 | 0.01 | 0.075 | 0.085
asia_10000_9 | 0.01 | 0.07 | 0.08
asia_10000_10 | 0.01 | 0.059 | 0.069
asia_10000_11 | 0.01 | 0.073 | 0.083
asia_10000_12 | 0.01 | 0.071 | 0.081
asia_10000_13 | 0.01 | 0.056 | 0.066
asia_10000_14 | 0.01 | 0.061 | 0.071
asia_10000_15 | 0.01 | 0.065 | 0.075
asia_10000_16 | 0.01 | 0.068 | 0.078
asia_10000_17 | 0.01 | 0.072 | 0.082
asia_10000_18 | 0.01 | 0.097 | 0.107
asia_10000_19 | 0.01 | 0.056 | 0.066
asia_10000_20 | 0.01 | 0.063 | 0.073
child_100_1 | 0.11 | 0.23 | 0.34
child_100_2 | 0.04 | 0.104 | 0.144
child_100_3 | 0.10 | 0.164 | 0.264
child_100_4 | 0.05 | 0.16 | 0.21
child_100_5 | 0.11 | 0.251 | 0.361
child_100_6 | 0.16 | 0.202 | 0.362
child_100_7 | 0.17 | 0.255 | 0.425
child_100_8 | 0.04 | 0.079 | 0.119
child_100_9 | 0.09 | 0.16 | 0.25
child_100_10 | 0.13 | 0.2 | 0.33
child_100_11 | 0.06 | 0.107 | 0.167
child_100_12 | 0.04 | 0.098 | 0.138
child_100_13 | 0.05 | 0.103 | 0.153
child_100_14 | 0.13 | 0.172 | 0.302
child_100_15 | 0.07 | 0.123 | 0.193
child_100_16 | 0.04 | 0.098 | 0.138
child_100_17 | 0.05 | 0.107 | 0.157
child_100_18 | 0.05 | 0.078 | 0.128
child_100_19 | 0.05 | 0.11 | 0.16
child_100_20 | 0.02 | 0.068 | 0.088
child_1000_1 | 0.04 | 0.091 | 0.131
child_1000_2 | 0.08 | 0.132 | 0.212
child_1000_3 | 0.08 | 0.135 | 0.215
child_1000_4 | 0.08 | 0.121 | 0.201
child_1000_5 | 0.06 | 0.12 | 0.18
child_1000_6 | 0.04 | 0.106 | 0.146
child_1000_7 | 0.05 | 0.101 | 0.151
child_1000_8 | 0.08 | 0.113 | 0.193
child_1000_9 | 0.04 | 0.115 | 0.155
child_1000_10 | 0.08 | 0.14 | 0.22
child_1000_11 | 0.04 | 0.104 | 0.144
child_1000_12 | 0.02 | 0.078 | 0.098
child_1000_13 | 0.06 | 0.098 | 0.158
child_1000_14 | 0.07 | 0.131 | 0.201
child_1000_15 | 0.05 | 0.115 | 0.165
child_1000_16 | 0.09 | 0.143 | 0.233
child_1000_17 | 0.05 | 0.101 | 0.151
child_1000_18 | 0.04 | 0.101 | 0.141
child_1000_19 | 0.07 | 0.132 | 0.202
child_1000_20 | 0.05 | 0.1 | 0.15
child_10000_1 | 0.06 | 0.123 | 0.183
child_10000_2 | 0.06 | 0.2 | 0.26
child_10000_3 | 0.05 | 0.124 | 0.174
child_10000_4 | 0.06 | 0.12 | 0.18
child_10000_5 | 0.05 | 0.124 | 0.174
child_10000_6 | 0.09 | 0.172 | 0.262
child_10000_7 | 0.06 | 0.126 | 0.186
child_10000_8 | 0.06 | 0.116 | 0.176
child_10000_9 | 0.05 | 0.105 | 0.155
child_10000_10 | 0.06 | 0.098 | 0.158
child_10000_11 | 0.05 | 0.12 | 0.17
child_10000_12 | 0.07 | 0.123 | 0.193
child_10000_13 | 0.05 | 0.12 | 0.17
child_10000_14 | 0.05 | 0.095 | 0.145
child_10000_15 | 0.06 | 0.135 | 0.195
child_10000_16 | 0.05 | 0.125 | 0.175
child_10000_17 | 0.06 | 0.122 | 0.182
child_10000_18 | 0.05 | 0.11 | 0.16
child_10000_19 | 0.05 | 0.127 | 0.177
child_10000_20 | 0.20 | 0.148 | 0.348
insurance_100_1 | 0.48 | 0.552 | 1.032
insurance_100_2 | 0.16 | 0.283 | 0.443
insurance_100_3 | 0.28 | 0.349 | 0.629
insurance_100_4 | 0.14 | 0.251 | 0.391
insurance_100_5 | 0.12 | 0.206 | 0.326
insurance_100_6 | 0.56 | 0.627 | 1.187
insurance_100_7 | 0.28 | 0.339 | 0.619
insurance_100_8 | 0.11 | 0.159 | 0.269
insurance_100_9 | 0.08 | 0.144 | 0.224
insurance_100_10 | 0.19 | 0.262 | 0.452
insurance_100_11 | 0.16 | 0.208 | 0.368
insurance_100_12 | 0.15 | 0.215 | 0.365
insurance_100_13 | 0.20 | 0.248 | 0.448
insurance_100_14 | 0.28 | 0.334 | 0.614
insurance_100_15 | 0.14 | 0.193 | 0.333
insurance_100_16 | 0.17 | 0.242 | 0.412
insurance_100_17 | 0.08 | 0.153 | 0.233
insurance_100_18 | 0.14 | 0.202 | 0.342
insurance_100_19 | 0.76 | 0.849 | 1.609
insurance_100_20 | 0.11 | 0.16 | 0.27
insurance_1000_1 | 0.05 | 0.114 | 0.164
insurance_1000_2 | 0.09 | 0.153 | 0.243
insurance_1000_3 | 0.09 | 0.146 | 0.236
insurance_1000_4 | 0.09 | 0.158 | 0.248
insurance_1000_5 | 0.34 | 0.407 | 0.747
insurance_1000_6 | 0.12 | 0.175 | 0.295
insurance_1000_7 | 0.19 | 0.26 | 0.45
insurance_1000_8 | 0.19 | 0.243 | 0.433
insurance_1000_9 | 0.09 | 0.153 | 0.243
insurance_1000_10 | 0.10 | 0.153 | 0.253
insurance_1000_11 | 0.14 | 0.209 | 0.349
insurance_1000_12 | 0.19 | 0.25 | 0.44
insurance_1000_13 | 0.15 | 0.191 | 0.341
insurance_1000_14 | 0.14 | 0.205 | 0.345
insurance_1000_15 | 0.14 | 0.197 | 0.337
insurance_1000_16 | 0.08 | 0.121 | 0.201
insurance_1000_17 | 0.05 | 0.107 | 0.157
insurance_1000_18 | 0.14 | 0.206 | 0.346
insurance_1000_19 | 0.07 | 0.127 | 0.197
insurance_1000_20 | 0.23 | 0.308 | 0.538
insurance_10000_1 | 0.38 | 0.454 | 0.834
insurance_10000_2 | 0.20 | 0.275 | 0.475
insurance_10000_3 | 0.63 | 0.71 | 1.34
insurance_10000_4 | 0.26 | 0.344 | 0.604
insurance_10000_5 | 0.26 | 0.311 | 0.571
insurance_10000_6 | 0.18 | 0.254 | 0.434
insurance_10000_7 | 0.23 | 0.286 | 0.516
insurance_10000_8 | 0.32 | 0.442 | 0.762
insurance_10000_9 | 0.18 | 0.286 | 0.466
insurance_10000_10 | 0.76 | 0.869 | 1.629
insurance_10000_11 | 0.39 | 0.479 | 0.869
insurance_10000_12 | 0.28 | 0.346 | 0.626
insurance_10000_13 | 0.33 | 0.394 | 0.724
insurance_10000_14 | 0.20 | 0.27 | 0.47
insurance_10000_15 | 0.11 | 0.177 | 0.287
insurance_10000_16 | 0.27 | 0.315 | 0.585
insurance_10000_17 | 0.40 | 0.468 | 0.868
insurance_10000_18 | 0.31 | 0.368 | 0.678
insurance_10000_19 | 0.42 | 0.51 | 0.93
insurance_10000_20 | 0.28 | 0.336 | 0.616
alarm_100_1 | 1.70 | 1.904 | 3.604
alarm_100_2 | 5.66 | 6.051 | 11.711
alarm_100_3 | 3.16 | 3.386 | 6.546
alarm_100_4 | 1.60 | 1.772 | 3.372
alarm_100_5 | 3.52 | 3.664 | 7.184
alarm_100_6 | 2.18 | 2.452 | 4.632
alarm_100_7 | 2.55 | 2.35 | 4.9
alarm_100_11 | 2.80 | 3.29 | 6.09
alarm_100_12 | 2.41 | 2.973 | 5.383
alarm_100_13 | 2.23 | 2.763 | 4.993
alarm_100_14 | 1.23 | 1.537 | 2.767
alarm_100_15 | 2.64 | 3.018 | 5.658
alarm_100_17 | 2.07 | 2.461 | 4.531
alarm_1000_1 | 1.42 | 1.522 | 2.942
alarm_1000_2 | 0.68 | 0.783 | 1.463
alarm_1000_3 | 0.86 | 0.925 | 1.785
alarm_1000_4 | 0.99 | 1.081 | 2.071
alarm_1000_5 | 0.70 | 0.767 | 1.467
alarm_1000_6 | 0.89 | 1.026 | 1.916
alarm_1000_7 | 0.33 | 0.394 | 0.724
alarm_1000_8 | 1.49 | 1.573 | 3.063
alarm_1000_9 | 0.62 | 0.718 | 1.338
alarm_1000_10 | 0.28 | 0.346 | 0.626
alarm_1000_11 | 1.12 | 1.323 | 2.443
alarm_1000_12 | 0.62 | 0.726 | 1.346
alarm_1000_13 | 0.97 | 1.087 | 2.057
alarm_1000_14 | 0.95 | 1.064 | 2.014
alarm_1000_15 | 0.77 | 0.854 | 1.624
alarm_1000_16 | 0.52 | 0.615 | 1.135
alarm_1000_17 | 0.73 | 0.817 | 1.547
alarm_1000_18 | 0.88 | 0.961 | 1.841
alarm_1000_19 | 0.91 | 1.022 | 1.932
alarm_1000_20 | 0.35 | 0.413 | 0.763
alarm_10000_1 | 0.92 | 0.954 | 1.874
alarm_10000_2 | 0.56 | 0.629 | 1.189
alarm_10000_3 | 1.30 | 1.233 | 2.533
alarm_10000_4 | 1.45 | 1.385 | 2.835
alarm_10000_5 | 1.03 | 1.097 | 2.127
alarm_10000_6 | 1.80 | 1.894 | 3.694
alarm_10000_7 | 1.08 | 1.149 | 2.229
alarm_10000_8 | 1.18 | 1.192 | 2.372
alarm_10000_9 | 0.63 | 0.663 | 1.293
alarm_10000_10 | 0.50 | 0.54 | 1.04
alarm_10000_11 | 0.49 | 0.552 | 1.042
alarm_10000_12 | 1.18 | 1.265 | 2.445
alarm_10000_13 | 0.74 | 0.821 | 1.561
alarm_10000_14 | 1.26 | 1.235 | 2.495
alarm_10000_15 | 0.46 | 0.538 | 0.998
alarm_10000_16 | 1.63 | 1.693 | 3.323
alarm_10000_17 | 1.20 | 1.297 | 2.497
alarm_10000_11 | 0.39 | 0.464 | 0.854
alarm_10000_12 | 1.06 | 1.232 | 2.292
alarm_10000_13 | 0.66 | 0.764 | 1.424
alarm_10000_14 | 1.17 | 1.259 | 2.429
alarm_10000_15 | 0.43 | 0.554 | 0.984
alarm_10000_16 | 1.47 | 1.524 | 2.994
alarm_10000_17 | 0.99 | 1.103 | 2.093
alarm_10000_18 | 0.82 | 0.933 | 1.753
alarm_10000_19 | 1.63 | 1.709 | 3.339
alarm_10000_20 | 0.95 | 1.063 | 2.013
hepar2_100_1 | 5.29 | 5.367 | 10.657
hepar2_100_2 | 1.15 | 1.221 | 2.371
hepar2_100_3 | 0.86 | 0.929 | 1.789
hepar2_100_4 | 0.48 | 0.517 | 0.997
hepar2_100_5 | 0.45 | 0.495 | 0.945
hepar2_100_6 | 0.57 | 0.63 | 1.2
hepar2_100_7 | 0.08 | 0.138 | 0.218
hepar2_100_8 |  |  | 0.022
hepar2_100_9 | 1.23 | 1.219 | 2.449
hepar2_100_10 | 0.81 | 0.868 | 1.678
hepar2_100_11 | 0.28 | 0.678 | 0.958
hepar2_100_12 | 0.95 | 1.017 | 1.967
hepar2_100_13 | 0.14 | 0.214 | 0.354
hepar2_100_15 | 0.08 | 0.143 | 0.223
hepar2_100_16 | 0.35 | 0.412 | 0.762
hepar2_100_17 | 0.06 | 0.133 | 0.193
hepar2_100_18 | 0.30 | 0.37 | 0.67
hepar2_100_20 | 0.13 | 0.188 | 0.318
hepar2_1000_1 | 0.17 | 0.199 | 0.369
hepar2_1000_2 | 0.08 | 0.158 | 0.238
hepar2_1000_3 | 0.07 | 0.157 | 0.227
hepar2_1000_4 | 0.08 | 0.136 | 0.216
hepar2_1000_5 | 0.07 | 0.112 | 0.182
hepar2_1000_6 | 0.10 | 0.152 | 0.252
hepar2_1000_7 | 0.13 | 0.189 | 0.319
hepar2_1000_8 | 0.02 | 0.093 | 0.113
hepar2_1000_9 | 0.08 | 0.135 | 0.215
hepar2_1000_10 | 0.06 | 0.119 | 0.179
hepar2_1000_11 | 0.07 | 0.122 | 0.192
hepar2_1000_12 | 0.88 | 0.949 | 1.829
hepar2_1000_13 | 0.13 | 0.225 | 0.355
hepar2_1000_14 | 0.08 | 0.151 | 0.231
hepar2_1000_15 | 0.08 | 0.148 | 0.228
hepar2_1000_16 | 0.05 | 0.121 | 0.171
hepar2_1000_17 | 0.08 | 0.146 | 0.226
hepar2_1000_18 | 0.07 | 0.141 | 0.211
hepar2_1000_19 | 0.09 | 0.165 | 0.255
hepar2_1000_20 | 0.15 | 0.225 | 0.375
hepar2_10000_1 | 0.30 | 0.322 | 0.622
hepar2_10000_2 | 0.27 | 0.271 | 0.541
hepar2_10000_3 | 0.10 | 0.216 | 0.316
hepar2_10000_4 | 0.41 | 0.492 | 0.902
hepar2_10000_5 | 0.17 | 0.221 | 0.391
hepar2_10000_6 | 0.20 | 0.318 | 0.518
hepar2_10000_7 | 0.13 | 0.221 | 0.351
hepar2_10000_8 | 0.12 | 0.194 | 0.314
hepar2_10000_9 | 0.15 | 0.249 | 0.399
hepar2_10000_10 | 0.38 | 0.41 | 0.79
hepar2_10000_11 | 0.17 | 0.261 | 0.431
hepar2_10000_12 | 0.30 | 0.277 | 0.577
hepar2_10000_13 | 0.08 | 0.191 | 0.271
hepar2_10000_14 | 0.13 | 0.227 | 0.357
hepar2_10000_15 | 0.24 | 0.314 | 0.554
hepar2_10000_16 | 0.12 | 0.216 | 0.336
hepar2_10000_17 | 0.12 | 0.23 | 0.35
hepar2_10000_18 | 0.12 | 0.24 | 0.36
hepar2_10000_19 | 0.11 | 0.197 | 0.307
hepar2_10000_20 | 0.12 | 0.229 | 0.349
andes_1000_1 | 3.53 | 3.624 | 7.154
andes_1000_2 | 7.23 | 7.356 | 14.586
andes_1000_3 | 0.87 | 0.973 | 1.843
andes_1000_4 | 1.58 | 1.669 | 3.249
andes_1000_5 | 3.78 | 3.902 | 7.682
andes_1000_6 | 2.65 | 2.776 | 5.426
andes_1000_7 | 3.69 | 3.801 | 7.491
andes_1000_8 | 2.55 | 2.666 | 5.216
andes_1000_9 | 3.43 | 3.545 | 6.975
andes_1000_10 | 1.31 | 1.41 | 2.72
andes_1000_11 | 2.01 | 2.099 | 4.109
andes_1000_12 | 0.47 | 0.592 | 1.062
andes_1000_13 | 2.50 | 2.608 | 5.108
andes_1000_14 | 1.62 | 1.731 | 3.351
andes_1000_15 | 4.67 | 4.809 | 9.479
andes_1000_16 | 0.84 | 0.935 | 1.775
andes_1000_17 | 3.61 | 3.724 | 7.334
andes_1000_18 |  |  | 0.026
andes_1000_19 | 2.73 | 2.799 | 5.529
andes_1000_20 | 2.64 | 2.744 | 5.384
andes_10000_1 | 0.57 | 0.981 | 1.551
andes_10000_2 | 0.72 | 1.191 | 1.911
andes_10000_3 | 0.48 | 0.787 | 1.267
andes_10000_4 | 0.90 | 1.116 | 2.016
andes_10000_5 | 0.63 | 0.864 | 1.494
andes_10000_6 | 0.49 | 0.708 | 1.198
andes_10000_7 | 0.43 | 0.663 | 1.093
andes_10000_8 | 0.43 | 0.66 | 1.09
andes_10000_9 | 0.68 | 0.935 | 1.615
andes_10000_10 | 0.57 | 0.787 | 1.357
andes_10000_11 | 0.50 | 0.774 | 1.274
andes_10000_12 | 0.48 | 0.714 | 1.194
andes_10000_13 | 0.57 | 0.807 | 1.377
andes_10000_14 | 0.47 | 0.732 | 1.202
andes_10000_15 | 0.53 | 0.761 | 1.291
andes_10000_16 | 0.42 | 0.673 | 1.093
andes_10000_17 | 0.50 | 0.707 | 1.207
andes_10000_18 | 0.54 | 0.762 | 1.302
andes_10000_19 | 0.47 | 0.695 | 1.165
andes_10000_20 | 0.78 | 1.001 | 1.781
