asia_100_1 | 0.04 | 0.076 | 0.116
asia_100_2 | 0.10 | 0.149 | 0.249
asia_100_3 | 0.03 | 0.094 | 0.124
asia_100_4 | 0.04 | 0.087 | 0.127
asia_100_5 | 0.07 | 0.109 | 0.179
asia_100_6 | 0.06 | 0.102 | 0.162
asia_100_7 | 0.04 | 0.08 | 0.12
asia_100_8 | 0.04 | 0.076 | 0.116
asia_100_9 | 0.04 | 0.077 | 0.117
asia_100_10 | 0.01 | 0.064 | 0.074
asia_100_11 | 0.01 | 0.075 | 0.085
asia_100_12 | 0.06 | 0.104 | 0.164
asia_100_13 | 0.04 | 0.076 | 0.116
asia_100_14 | 0.01 | 0.052 | 0.062
asia_100_15 | 0.07 | 0.114 | 0.184
asia_100_16 | 0.01 | 0.081 | 0.091
asia_100_17 | 0.04 | 0.082 | 0.122
asia_100_18 | 0.06 | 0.105 | 0.165
asia_100_19 | 0.04 | 0.078 | 0.118
asia_100_20 | 0.04 | 0.084 | 0.124
asia_1000_1 | 0.11 | 0.18 | 0.29
asia_1000_2 | 0.04 | 0.108 | 0.148
asia_1000_3 | 0.07 | 0.146 | 0.216
asia_1000_4 | 0.11 | 0.235 | 0.345
asia_1000_5 | 0.06 | 0.124 | 0.184
asia_1000_6 | 0.09 | 0.16 | 0.25
asia_1000_7 | 0.14 | 0.256 | 0.396
asia_1000_8 | 0.17 | 0.246 | 0.416
asia_1000_9 | 0.07 | 0.143 | 0.213
asia_1000_10 | 0.06 | 0.129 | 0.189
asia_1000_11 | 0.04 | 0.105 | 0.145
asia_1000_12 | 0.28 | 0.36 | 0.64
asia_1000_13 | 0.07 | 0.14 | 0.21
asia_1000_14 | 0.06 | 0.146 | 0.206
asia_1000_15 | 0.04 | 0.107 | 0.147
asia_1000_16 | 0.04 | 0.105 | 0.145
asia_1000_17 | 0.06 | 0.129 | 0.189
asia_1000_18 | 0.01 | 0.083 | 0.093
asia_1000_19 | 0.08 | 0.14 | 0.22
asia_1000_20 | 0.09 | 0.155 | 0.245
asia_10000_1 | 0.18 | 0.446 | 0.626
asia_10000_2 | 0.21 | 0.5 | 0.71
asia_10000_3 | 0.38 | 0.759 | 1.139
asia_10000_4 | 0.17 | 0.464 | 0.634
asia_10000_5 | 0.39 | 0.674 | 1.064
asia_10000_6 | 0.20 | 0.487 | 0.687
asia_10000_7 | 0.39 | 0.673 | 1.063
asia_10000_8 | 0.20 | 0.496 | 0.696
asia_10000_9 | 0.18 | 0.484 | 0.664
asia_10000_10 | 1.83 | 2.146 | 3.976
asia_10000_11 | 0.24 | 0.505 | 0.745
asia_10000_12 | 2.18 | 2.467 | 4.647
asia_10000_13 | 0.27 | 0.575 | 0.845
asia_10000_14 | 0.33 | 0.642 | 0.972
asia_10000_15 | 0.25 | 0.534 | 0.784
asia_10000_16 | 0.14 | 0.417 | 0.557
asia_10000_17 | 0.23 | 0.536 | 0.766
asia_10000_18 | 0.36 | 0.601 | 0.961
asia_10000_19 | 0.14 | 0.434 | 0.574
asia_10000_20 | 0.18 | 0.468 | 0.648
child_100_1 | 0.04 | 0.347 | 0.387
child_100_2 | 0.04 | 0.358 | 0.398
child_100_3 | 0.05 | 0.345 | 0.395
child_100_4 | 0.04 | 0.343 | 0.383
child_100_5 | 0.07 | 0.359 | 0.429
child_100_6 | 0.02 | 0.32 | 0.34
child_100_7 | 0.04 | 0.34 | 0.38
child_100_8 | 0.04 | 0.341 | 0.381
child_100_9 | 0.06 | 0.365 | 0.425
child_100_10 | 0.07 | 0.369 | 0.439
child_100_11 | 0.04 | 0.344 | 0.384
child_100_12 | 0.04 | 0.338 | 0.378
child_100_13 | 0.06 | 0.362 | 0.422
child_100_14 | 0.20 | 0.486 | 0.686
child_100_15 | 0.06 | 0.34 | 0.4
child_100_16 | 0.06 | 0.373 | 0.433
child_100_17 | 0.04 | 0.341 | 0.381
child_100_18 | 0.04 | 0.338 | 0.378
child_100_19 | 0.06 | 0.357 | 0.417
child_100_20 | 0.05 | 0.354 | 0.404
child_1000_1 | 0.12 | 0.713 | 0.833
child_1000_2 | 0.14 | 0.751 | 0.891
child_1000_3 | 0.13 | 0.734 | 0.864
child_1000_4 | 0.15 | 0.767 | 0.917
child_1000_5 | 0.15 | 0.737 | 0.887
child_1000_6 | 0.15 | 0.746 | 0.896
child_1000_7 | 0.13 | 0.721 | 0.851
child_1000_8 | 0.13 | 0.735 | 0.865
child_1000_9 | 0.09 | 0.673 | 0.763
child_1000_10 | 0.09 | 0.693 | 0.783
child_1000_11 | 0.08 | 0.676 | 0.756
child_1000_12 | 0.14 | 0.775 | 0.915
child_1000_13 | 0.10 | 0.737 | 0.837
child_1000_14 | 0.10 | 0.716 | 0.816
child_1000_15 | 0.11 | 0.735 | 0.845
child_1000_16 | 0.18 | 0.779 | 0.959
child_1000_17 | 0.09 | 0.717 | 0.807
child_1000_18 | 0.14 | 0.76 | 0.9
child_1000_19 | 0.20 | 0.816 | 1.016
child_1000_20 | 0.13 | 0.761 | 0.891
child_10000_1 | 1.82 | 4.651 | 6.471
child_10000_2 | 0.89 | 3.752 | 4.642
child_10000_3 | 0.92 | 3.776 | 4.696
child_10000_4 | 0.56 | 3.404 | 3.964
child_10000_5 | 0.57 | 3.402 | 3.972
child_10000_6 | 1.18 | 4.013 | 5.193
child_10000_7 | 0.88 | 3.722 | 4.602
child_10000_8 | 0.89 | 3.703 | 4.593
child_10000_9 | 1.05 | 3.917 | 4.967
child_10000_10 | 0.74 | 3.615 | 4.355
child_10000_11 | 0.68 | 3.495 | 4.175
child_10000_12 | 1.10 | 3.909 | 5.009
child_10000_13 | 1.02 | 3.948 | 4.968
child_10000_14 | 1.06 | 3.901 | 4.961
child_10000_15 | 0.77 | 3.557 | 4.327
child_10000_16 | 1.12 | 3.967 | 5.087
child_10000_17 | 1.32 | 4.163 | 5.483
child_10000_18 | 0.72 | 3.568 | 4.288
child_10000_19 | 0.90 | 3.714 | 4.614
child_10000_20 | 0.71 | 3.537 | 4.247
insurance_100_1 | 0.26 | 1.14 | 1.4
insurance_100_2 | 0.42 | 1.531 | 1.951
insurance_100_3 | 0.31 | 1.098 | 1.408
insurance_100_4 | 0.10 | 0.885 | 0.985
insurance_100_5 | 0.17 | 1.091 | 1.261
insurance_100_6 | 0.37 | 1.268 | 1.638
insurance_100_7 | 0.15 | 0.952 | 1.102
insurance_100_8 | 0.16 | 1.009 | 1.169
insurance_100_9 | 0.16 | 1.003 | 1.163
insurance_100_10 | 0.27 | 1.141 | 1.411
insurance_100_11 | 0.17 | 1.003 | 1.173
insurance_100_12 | 0.37 | 1.182 | 1.552
insurance_100_13 | 0.33 | 1.199 | 1.529
insurance_100_14 | 0.36 | 1.187 | 1.547
insurance_100_15 | 0.54 | 1.362 | 1.902
insurance_100_16 | 0.12 | 1.002 | 1.122
insurance_100_17 | 0.18 | 0.984 | 1.164
insurance_100_18 | 0.63 | 1.435 | 2.065
insurance_100_19 | 1.03 | 1.885 | 2.915
insurance_100_20 | 0.25 | 1.11 | 1.36
insurance_1000_1 | 0.65 | 2.493 | 3.143
insurance_1000_2 | 0.57 | 2.431 | 3.001
insurance_1000_3 | 0.69 | 2.599 | 3.289
insurance_1000_4 | 1.89 | 3.801 | 5.691
insurance_1000_5 | 0.83 | 2.652 | 3.482
insurance_1000_6 | 1.04 | 2.974 | 4.014
insurance_1000_7 | 1.58 | 3.483 | 5.063
insurance_1000_8 | 1.32 | 3.265 | 4.585
insurance_1000_9 | 0.71 | 2.627 | 3.337
insurance_1000_10 | 1.17 | 3.07 | 4.24
insurance_1000_11 | 1.08 | 2.997 | 4.077
insurance_1000_12 | 0.52 | 2.41 | 2.93
insurance_1000_13 | 1.01 | 2.897 | 3.907
insurance_1000_14 | 1.84 | 3.782 | 5.622
insurance_1000_15 | 0.68 | 2.613 | 3.293
insurance_1000_16 | 1.22 | 3.132 | 4.352
insurance_1000_17 | 1.01 | 2.948 | 3.958
insurance_1000_18 | 1.42 | 3.342 | 4.762
insurance_1000_19 | 1.00 | 2.877 | 3.877
insurance_1000_20 | 0.74 | 2.584 | 3.324
insurance_10000_1 | 8.63 | 17.972 | 26.602
insurance_10000_2 | 12.06 | 21.375 | 33.435
insurance_10000_3 | 9.01 | 18.35 | 27.36
insurance_10000_4 | 10.09 | 19.423 | 29.513
insurance_10000_5 | 10.13 | 19.524 | 29.654
insurance_10000_6 | 7.38 | 16.818 | 24.198
insurance_10000_7 | 8.21 | 17.74 | 25.95
insurance_10000_8 | 9.70 | 19.036 | 28.736
insurance_10000_9 | 9.63 | 19.028 | 28.658
insurance_10000_10 | 7.02 | 16.573 | 23.593
insurance_10000_11 | 6.99 | 16.36 | 23.35
insurance_10000_12 | 8.10 | 17.694 | 25.794
insurance_10000_13 | 10.46 | 19.816 | 30.276
insurance_10000_14 | 7.96 | 17.23 | 25.19
insurance_10000_15 | 9.18 | 18.553 | 27.733
insurance_10000_16 | 7.99 | 17.397 | 25.387
insurance_10000_17 | 8.15 | 17.594 | 25.744
insurance_10000_18 | 9.30 | 18.888 | 28.188
insurance_10000_19 | 7.33 | 16.717 | 24.047
insurance_10000_20 | 7.79 | 17.094 | 24.884
alarm_100_1 | 4.02 | 6.177 | 10.197
alarm_100_2 | 18.05 | 20.292 | 38.342
alarm_100_3 | 4.25 | 6.369 | 10.619
alarm_100_4 | 2.82 | 5.021 | 7.841
alarm_100_5 | 3.08 | 5.321 | 8.401
alarm_100_6 | 7.16 | 9.511 | 16.671
alarm_100_7 | 19.39 | 21.577 | 40.967
alarm_100_8 | 9.03 | 11.167 | 20.197
alarm_100_9 | 3.45 | 5.83 | 9.28
alarm_100_10 | 5.13 | 7.43 | 12.56
alarm_100_11 | 4.61 | 6.78 | 11.39
alarm_100_12 | 7.60 | 9.842 | 17.442
alarm_100_13 | 8.88 | 11.055 | 19.935
alarm_100_14 | 3.61 | 5.739 | 9.349
alarm_100_15 | 6.19 | 8.402 | 14.592
alarm_100_16 | 4.30 | 6.526 | 10.826
alarm_100_17 | 5.28 | 7.531 | 12.811
alarm_100_18 | 2.16 | 4.5 | 6.66
alarm_100_19 | 3.97 | 6.244 | 10.214
alarm_100_20 | 6.40 | 8.549 | 14.949
alarm_1000_1 | 5.76 | 11.332 | 17.092
alarm_1000_2 | 5.84 | 11.518 | 17.358
alarm_1000_3 | 4.57 | 10.116 | 14.686
alarm_1000_4 | 6.56 | 12.097 | 18.657
alarm_1000_5 | 9.09 | 14.627 | 23.717
alarm_1000_6 | 5.30 | 10.838 | 16.138
alarm_1000_7 | 5.58 | 11.063 | 16.643
alarm_1000_8 | 4.79 | 10.347 | 15.137
alarm_1000_9 | 9.13 | 14.645 | 23.775
alarm_1000_10 | 6.39 | 11.894 | 18.284
alarm_1000_11 | 8.90 | 14.427 | 23.327
alarm_1000_12 | 5.61 | 11.128 | 16.738
alarm_1000_13 | 7.38 | 12.928 | 20.308
alarm_1000_14 | 4.38 | 9.936 | 14.316
alarm_1000_15 | 9.60 | 15.205 | 24.805
alarm_1000_16 | 7.04 | 12.564 | 19.604
alarm_1000_17 | 4.31 | 9.903 | 14.213
alarm_1000_18 | 5.89 | 11.45 | 17.34
alarm_1000_19 | 6.29 | 11.82 | 18.11
alarm_1000_20 | 4.48 | 10.062 | 14.542
alarm_10000_1 | 526.70 | 556.874 | 1083.574
alarm_10000_2 | 453.90 | 484.599 | 938.499
alarm_10000_3 | 1044.80 | 1074.528 | 2119.328
alarm_10000_4 | 1349.18 | 1378.369 | 2727.549
alarm_10000_5 | 489.39 | 519.848 | 1009.238
alarm_10000_6 | 704.62 | 734.704 | 1439.324
alarm_10000_7 | 1106.74 | 1135.973 | 2242.713
alarm_10000_8 | 712.80 | 743.246 | 1456.046
alarm_10000_9 | 762.43 | 792.926 | 1555.356
alarm_10000_10 | 655.99 | 686.683 | 1342.673
alarm_10000_11 | 1097.89 | 1128.636 | 2226.526
alarm_10000_12 | 738.03 | 769.719 | 1507.749
alarm_10000_13 | 645.60 | 676.765 | 1322.365
alarm_10000_14 | 524.79 | 555.639 | 1080.429
alarm_10000_15 | 722.58 | 752.93 | 1475.51
alarm_10000_16 | 347.08 | 377.881 | 724.961
alarm_10000_17 | 441.21 | 472.141 | 913.351
alarm_10000_18 | 649.91 | 680.082 | 1329.992
alarm_10000_19 | 926.02 | 956.896 | 1882.916
alarm_10000_20 | 492.26 | 526.309 | 1018.569
hepar2_100_1 | 650.71 | 670.712 | 1321.422
hepar2_100_2 | 362.02 | 381.091 | 743.111
hepar2_100_3 | 243.93 | 264.13 | 508.06
hepar2_100_4 | 867.72 | 886.557 | 1754.277
hepar2_100_5 | 1759.24 | 1778.112 | 3537.352
hepar2_100_6 | 1175.37 | 1195.142 | 2370.512
hepar2_100_7 | 17966.19 | 17733.016 | 35699.206
hepar2_100_8 | 812.06 | 831.748 | 1643.808
hepar2_100_9 | 1164.51 | 1183.811 | 2348.321
hepar2_100_10 | 142.54 | 163.194 | 305.734
hepar2_100_11 | 264.62 | 284.63 | 549.25
hepar2_100_12 | 728.31 | 748.354 | 1476.664
hepar2_100_13 | 278.12 | 298.294 | 576.414
hepar2_100_14 | 419.06 | 439.424 | 858.484
hepar2_100_15 | 565.61 | 585.912 | 1151.522
hepar2_100_16 | 370.36 | 390.165 | 760.525
hepar2_100_17 | 586.77 | 606.597 | 1193.367
hepar2_100_18 | 345.09 | 365.065 | 710.155
hepar2_100_19 | 2772.63 | 2790.832 | 5563.462
hepar2_100_20 | 278.53 | 298.526 | 577.056
hepar2_1000_1 | 0.66 | 54.263 | 54.923
hepar2_1000_2 | 0.37 | 54.332 | 54.702
hepar2_1000_3 | 0.24 | 53.477 | 53.717
hepar2_1000_4 | 0.87 | 54.858 | 55.728
hepar2_1000_5 | 0.11 | 53.885 | 53.995
hepar2_1000_6 | 0.71 | 54.392 | 55.102
hepar2_1000_7 | 2.81 | 56.381 | 59.191
hepar2_1000_8 | 0.11 | 53.602 | 53.712
hepar2_1000_9 | 1.63 | 55.434 | 57.064
hepar2_1000_10 | 1.33 | 54.445 | 55.775
hepar2_1000_11 | 0.52 | 54.207 | 54.727
hepar2_1000_12 | 0.84 | 54.319 | 55.159
hepar2_1000_13 | 0.16 | 53.944 | 54.104
hepar2_1000_14 | 0.61 | 54.142 | 54.752
hepar2_1000_15 | 0.51 | 54.399 | 54.909
hepar2_1000_16 | 0.24 | 53.658 | 53.898
hepar2_1000_17 | 2.09 | 56.032 | 58.122
hepar2_1000_18 | 1.06 | 55.257 | 56.317
hepar2_1000_19 | 0.09 | 53.611 | 53.701
hepar2_1000_20 | 1.64 | 55.165 | 56.805
hepar2_10000_1 | 6.00 | 371.561 | 377.561
hepar2_10000_2 | 2.75 | 369.767 | 372.517
hepar2_10000_3 | 5.63 | 372.823 | 378.453
hepar2_10000_4 | 4.14 | 372.259 | 376.399
hepar2_10000_5 | 2.23 | 369.659 | 371.889
hepar2_10000_6 | 2.99 | 371.641 | 374.631
hepar2_10000_7 | 3.83 | 371.922 | 375.752
hepar2_10000_8 | 1.80 | 372.518 | 374.318
hepar2_10000_9 | 2.35 | 370.755 | 373.105
hepar2_10000_10 | 2.75 | 373.358 | 376.108
hepar2_10000_11 | 3.25 | 373.192 | 376.442
hepar2_10000_12 | 2.48 | 372.746 | 375.226
hepar2_10000_13 | 4.12 | 372.12 | 376.24
hepar2_10000_14 | 4.16 | 373.557 | 377.717
hepar2_10000_15 | 2.09 | 369.833 | 371.923
hepar2_10000_16 | 3.83 | 375.365 | 379.195
hepar2_10000_17 | 5.83 | 373.73 | 379.56
hepar2_10000_18 | 5.48 | 378.946 | 384.426
hepar2_10000_19 | 4.21 | 372.123 | 376.333
hepar2_10000_20 | 7.66 | 375.866 | 383.526
andes_100_1 |  |  | 13422.935
andes_100_2 |  |  | 21699.26
andes_100_3 |  |  | 19709.321
andes_100_4 |  |  | 16165.486
andes_100_5 |  |  | 33701.644
andes_100_6 |  |  | 10682.964
andes_100_7 |  |  | 25205.753
andes_100_8 |  |  | 60604.141
andes_100_9 |  |  | 18584.743
andes_100_10 |  |  | 44621.067
andes_100_11 |  |  | 38520.646
andes_100_12 |  |  | 31579.431
andes_100_13 |  |  | 16222.288
andes_100_14 |  |  | 13561.91
andes_100_15 |  |  | 17641.551
andes_100_16 |  |  | 20117.857
andes_100_17 |  |  | 29405.864
andes_100_18 |  |  | 13135.515
andes_100_19 |  |  | 30973.297
andes_100_20 |  |  | 52390.706
andes_1000_1 |  |  | 12736.119
andes_1000_2 |  |  | 12626.478
andes_1000_3 |  |  | 52842.486
andes_1000_4 |  |  | 24034.731
andes_1000_5 |  |  | 16776.3
andes_1000_6 |  |  | 16172.228
andes_1000_7 |  |  | 22731.602
andes_1000_8 |  |  | 23024.863
andes_1000_9 |  |  | 18619.575
andes_1000_10 |  |  | 15731.822
andes_1000_11 |  |  | 26857.563
andes_1000_12 |  |  | 48263.0
andes_1000_13 |  |  | 48210.789
andes_1000_14 |  |  | 49042.95
andes_1000_15 |  |  | 24761.002
andes_1000_16 |  |  | 48793.104
andes_1000_17 |  |  | 46738.343
andes_1000_18 |  |  | 46428.845
andes_1000_19 |  |  | 23087.809
andes_1000_20 |  |  | 54119.963
andes_10000_1 |  |  | 15927.253
andes_10000_2 | 33538.35 | 33756.167 | 67294.517
andes_10000_3 |  |  | 27150.658
andes_10000_4 |  |  | 23148.258
andes_10000_5 |  |  | 26744.192
andes_10000_6 |  |  | 37182.856
andes_10000_7 | 22055.35 | 22443.753 | 44499.103
andes_10000_8 | 62115.05 | 57144.397 | 119259.447
andes_10000_9 |  |  | 38077.182
andes_10000_10 |  |  | 66564.695
andes_10000_11 | 21157.14 | 21460.053 | 42617.193
andes_10000_12 |  |  | 55086.253
andes_10000_13 | 20241.58 | 20290.007 | 40531.587
andes_10000_14 | 26180.43 | 26588.295 | 52768.725
andes_10000_15 |  |  | 19404.634
andes_10000_16 |  |  | 129489.644
andes_10000_17 | 16931.78 | 17344.768 | 34276.548
andes_10000_18 |  |  | 39958.694
andes_10000_19 | 45777.76 | 46010.347 | 91788.107
andes_10000_20 |  |  | 38244.066
