asia_100_1 | 0.04 | 0.021 | 0.061
asia_100_2 | 0.10 | 0.028 | 0.128
asia_100_3 | 0.03 | 0.035 | 0.065
asia_100_4 | 0.04 | 0.027 | 0.067
asia_100_5 | 0.07 | 0.022 | 0.092
asia_100_6 | 0.06 | 0.023 | 0.083
asia_100_7 | 0.04 | 0.023 | 0.063
asia_100_8 | 0.04 | 0.021 | 0.061
asia_100_9 | 0.04 | 0.021 | 0.061
asia_100_10 | 0.01 | 0.03 | 0.040
asia_100_11 | 0.01 | 0.035 | 0.045
asia_100_12 | 0.06 | 0.025 | 0.085
asia_100_13 | 0.04 | 0.021 | 0.061
asia_100_14 | 0.01 | 0.024 | 0.034
asia_100_15 | 0.07 | 0.025 | 0.095
asia_100_16 | 0.01 | 0.044 | 0.054
asia_100_17 | 0.04 | 0.024 | 0.064
asia_100_18 | 0.06 | 0.025 | 0.085
asia_100_19 | 0.04 | 0.022 | 0.062
asia_100_20 | 0.04 | 0.024 | 0.064
asia_1000_1 | 0.11 | 0.038 | 0.148
asia_1000_2 | 0.04 | 0.037 | 0.077
asia_1000_3 | 0.07 | 0.042 | 0.112
asia_1000_4 | 0.11 | 0.151 | 0.261
asia_1000_5 | 0.06 | 0.035 | 0.095
asia_1000_6 | 0.09 | 0.039 | 0.129
asia_1000_7 | 0.14 | 0.146 | 0.286
asia_1000_8 | 0.17 | 0.041 | 0.211
asia_1000_9 | 0.07 | 0.04 | 0.110
asia_1000_10 | 0.06 | 0.037 | 0.097
asia_1000_11 | 0.04 | 0.035 | 0.075
asia_1000_12 | 0.28 | 0.043 | 0.323
asia_1000_13 | 0.07 | 0.038 | 0.108
asia_1000_14 | 0.06 | 0.046 | 0.106
asia_1000_15 | 0.04 | 0.036 | 0.076
asia_1000_16 | 0.04 | 0.036 | 0.076
asia_1000_17 | 0.06 | 0.037 | 0.097
asia_1000_18 | 0.01 | 0.039 | 0.049
asia_1000_19 | 0.08 | 0.033 | 0.113
asia_1000_20 | 0.09 | 0.036 | 0.126
asia_10000_1 | 0.18 | 0.137 | 0.317
asia_10000_2 | 0.21 | 0.149 | 0.359
asia_10000_3 | 0.38 | 0.28 | 0.660
asia_10000_4 | 0.17 | 0.15 | 0.320
asia_10000_5 | 0.39 | 0.147 | 0.537
asia_10000_6 | 0.20 | 0.149 | 0.349
asia_10000_7 | 0.39 | 0.145 | 0.535
asia_10000_8 | 0.20 | 0.153 | 0.353
asia_10000_9 | 0.18 | 0.156 | 0.336
asia_10000_10 | 1.83 | 0.165 | 1.995
asia_10000_11 | 0.24 | 0.136 | 0.376
asia_10000_12 | 2.18 | 0.149 | 2.329
asia_10000_13 | 0.27 | 0.158 | 0.428
asia_10000_14 | 0.33 | 0.159 | 0.489
asia_10000_15 | 0.25 | 0.145 | 0.395
asia_10000_16 | 0.14 | 0.142 | 0.282
asia_10000_17 | 0.23 | 0.157 | 0.387
asia_10000_18 | 0.36 | 0.124 | 0.484
asia_10000_19 | 0.14 | 0.15 | 0.290
asia_10000_20 | 0.18 | 0.147 | 0.327
child_100_1 | 0.04 | 0.166 | 0.206
child_100_2 | 0.04 | 0.167 | 0.207
child_100_3 | 0.05 | 0.151 | 0.201
child_100_4 | 0.04 | 0.161 | 0.201
child_100_5 | 0.07 | 0.158 | 0.228
child_100_6 | 0.02 | 0.158 | 0.178
child_100_7 | 0.04 | 0.16 | 0.200
child_100_8 | 0.04 | 0.161 | 0.201
child_100_9 | 0.06 | 0.163 | 0.223
child_100_10 | 0.07 | 0.158 | 0.228
child_100_11 | 0.04 | 0.16 | 0.200
child_100_12 | 0.04 | 0.16 | 0.200
child_100_13 | 0.06 | 0.165 | 0.225
child_100_14 | 0.20 | 0.152 | 0.352
child_100_15 | 0.06 | 0.157 | 0.217
child_100_16 | 0.06 | 0.167 | 0.227
child_100_17 | 0.04 | 0.159 | 0.199
child_100_18 | 0.04 | 0.158 | 0.198
child_100_19 | 0.06 | 0.158 | 0.218
child_100_20 | 0.05 | 0.162 | 0.212
child_1000_1 | 0.12 | 0.31 | 0.430
child_1000_2 | 0.14 | 0.322 | 0.462
child_1000_3 | 0.13 | 0.319 | 0.449
child_1000_4 | 0.15 | 0.325 | 0.475
child_1000_5 | 0.15 | 0.297 | 0.447
child_1000_6 | 0.15 | 0.309 | 0.459
child_1000_7 | 0.13 | 0.314 | 0.444
child_1000_8 | 0.13 | 0.32 | 0.450
child_1000_9 | 0.09 | 0.303 | 0.393
child_1000_10 | 0.09 | 0.315 | 0.405
child_1000_11 | 0.08 | 0.309 | 0.389
child_1000_12 | 0.14 | 0.341 | 0.481
child_1000_13 | 0.10 | 0.349 | 0.449
child_1000_14 | 0.10 | 0.328 | 0.428
child_1000_15 | 0.11 | 0.335 | 0.445
child_1000_16 | 0.18 | 0.316 | 0.496
child_1000_17 | 0.09 | 0.336 | 0.426
child_1000_18 | 0.14 | 0.334 | 0.474
child_1000_19 | 0.20 | 0.331 | 0.531
child_1000_20 | 0.13 | 0.337 | 0.467
child_10000_1 | 1.82 | 1.428 | 3.248
child_10000_2 | 0.89 | 1.436 | 2.326
child_10000_3 | 0.92 | 1.442 | 2.362
child_10000_4 | 0.56 | 1.433 | 1.993
child_10000_5 | 0.57 | 1.43 | 2.000
child_10000_6 | 1.18 | 1.424 | 2.604
child_10000_7 | 0.88 | 1.45 | 2.330
child_10000_8 | 0.89 | 1.417 | 2.307
child_10000_9 | 1.05 | 1.447 | 2.497
child_10000_10 | 0.74 | 1.448 | 2.188
child_10000_11 | 0.68 | 1.419 | 2.099
child_10000_12 | 1.10 | 1.416 | 2.516
child_10000_13 | 1.02 | 1.654 | 2.674
child_10000_14 | 1.06 | 1.44 | 2.500
child_10000_15 | 0.77 | 1.397 | 2.167
child_10000_16 | 1.12 | 1.435 | 2.555
child_10000_17 | 1.32 | 1.433 | 2.753
child_10000_18 | 0.72 | 1.443 | 2.163
child_10000_19 | 0.90 | 1.422 | 2.322
child_10000_20 | 0.71 | 1.436 | 2.146
insurance_100_1 | 0.26 | 0.453 | 0.713
insurance_100_2 | 0.42 | 0.859 | 1.279
insurance_100_3 | 0.31 | 0.412 | 0.722
insurance_100_4 | 0.10 | 0.404 | 0.504
insurance_100_5 | 0.17 | 0.472 | 0.642
insurance_100_6 | 0.37 | 0.473 | 0.843
insurance_100_7 | 0.15 | 0.406 | 0.556
insurance_100_8 | 0.16 | 0.434 | 0.594
insurance_100_9 | 0.16 | 0.432 | 0.592
insurance_100_10 | 0.27 | 0.461 | 0.731
insurance_100_11 | 0.17 | 0.426 | 0.596
insurance_100_12 | 0.37 | 0.413 | 0.783
insurance_100_13 | 0.33 | 0.441 | 0.771
insurance_100_14 | 0.36 | 0.422 | 0.782
insurance_100_15 | 0.54 | 0.431 | 0.971
insurance_100_16 | 0.12 | 0.451 | 0.571
insurance_100_17 | 0.18 | 0.41 | 0.590
insurance_100_18 | 0.63 | 0.414 | 1.044
insurance_100_19 | 1.03 | 0.436 | 1.466
insurance_100_20 | 0.25 | 0.436 | 0.686
insurance_1000_1 | 0.65 | 0.94 | 1.590
insurance_1000_2 | 0.57 | 0.947 | 1.517
insurance_1000_3 | 0.69 | 0.972 | 1.662
insurance_1000_4 | 1.89 | 0.967 | 2.857
insurance_1000_5 | 0.83 | 0.924 | 1.754
insurance_1000_6 | 1.04 | 0.988 | 2.028
insurance_1000_7 | 1.58 | 0.97 | 2.550
insurance_1000_8 | 1.32 | 0.989 | 2.309
insurance_1000_9 | 0.71 | 0.969 | 1.679
insurance_1000_10 | 1.17 | 0.968 | 2.138
insurance_1000_11 | 1.08 | 0.973 | 2.053
insurance_1000_12 | 0.52 | 0.959 | 1.479
insurance_1000_13 | 1.01 | 0.958 | 1.968
insurance_1000_14 | 1.84 | 0.989 | 2.829
insurance_1000_15 | 0.68 | 0.998 | 1.678
insurance_1000_16 | 1.22 | 0.979 | 2.199
insurance_1000_17 | 1.01 | 0.999 | 2.009
insurance_1000_18 | 1.42 | 0.978 | 2.398
insurance_1000_19 | 1.00 | 0.953 | 1.953
insurance_1000_20 | 0.74 | 0.935 | 1.675
insurance_10000_1 | 8.63 | 4.693 | 13.323
insurance_10000_2 | 12.06 | 4.678 | 16.738
insurance_10000_3 | 9.01 | 4.7 | 13.710
insurance_10000_4 | 10.09 | 4.69 | 14.780
insurance_10000_5 | 10.13 | 4.721 | 14.851
insurance_10000_6 | 7.38 | 4.737 | 12.117
insurance_10000_7 | 8.21 | 4.786 | 12.996
insurance_10000_8 | 9.70 | 4.695 | 14.395
insurance_10000_9 | 9.63 | 4.72 | 14.350
insurance_10000_10 | 7.02 | 4.797 | 11.817
insurance_10000_11 | 6.99 | 4.705 | 11.695
insurance_10000_12 | 8.10 | 4.821 | 12.921
insurance_10000_13 | 10.46 | 4.706 | 15.166
insurance_10000_14 | 7.96 | 4.645 | 12.605
insurance_10000_15 | 9.18 | 4.701 | 13.881
insurance_10000_16 | 7.99 | 4.743 | 12.733
insurance_10000_17 | 8.15 | 4.756 | 12.906
insurance_10000_18 | 9.30 | 4.831 | 14.131
insurance_10000_19 | 7.33 | 4.721 | 12.051
insurance_10000_20 | 7.79 | 4.67 | 12.460
alarm_100_1 | 4.02 | 1.107 | 5.127
alarm_100_2 | 18.05 | 1.142 | 19.192
alarm_100_3 | 4.25 | 1.073 | 5.323
alarm_100_4 | 2.82 | 1.114 | 3.934
alarm_100_5 | 3.08 | 1.136 | 4.216
alarm_100_6 | 7.16 | 1.19 | 8.350
alarm_100_7 | 19.39 | 1.161 | 20.551
alarm_100_8 | 9.03 | 1.086 | 10.116
alarm_100_9 | 3.45 | 1.242 | 4.692
alarm_100_10 | 5.13 | 1.201 | 6.331
alarm_100_11 | 4.61 | 1.101 | 5.711
alarm_100_12 | 7.60 | 1.135 | 8.735
alarm_100_13 | 8.88 | 1.118 | 9.998
alarm_100_14 | 3.61 | 1.078 | 4.688
alarm_100_15 | 6.19 | 1.121 | 7.311
alarm_100_16 | 4.30 | 1.129 | 5.429
alarm_100_17 | 5.28 | 1.159 | 6.439
alarm_100_18 | 2.16 | 1.182 | 3.342
alarm_100_19 | 3.97 | 1.152 | 5.122
alarm_100_20 | 6.40 | 1.092 | 7.492
alarm_1000_1 | 5.76 | 2.837 | 8.597
alarm_1000_2 | 5.84 | 3.071 | 8.911
alarm_1000_3 | 4.57 | 2.802 | 7.372
alarm_1000_4 | 6.56 | 2.796 | 9.356
alarm_1000_5 | 9.09 | 2.797 | 11.887
alarm_1000_6 | 5.30 | 2.804 | 8.104
alarm_1000_7 | 5.58 | 2.775 | 8.355
alarm_1000_8 | 4.79 | 2.803 | 7.593
alarm_1000_9 | 9.13 | 2.785 | 11.915
alarm_1000_10 | 6.39 | 2.776 | 9.166
alarm_1000_11 | 8.90 | 2.792 | 11.692
alarm_1000_12 | 5.61 | 2.778 | 8.388
alarm_1000_13 | 7.38 | 2.8 | 10.180
alarm_1000_14 | 4.38 | 2.805 | 7.185
alarm_1000_15 | 9.60 | 2.829 | 12.429
alarm_1000_16 | 7.04 | 2.778 | 9.818
alarm_1000_17 | 4.31 | 2.82 | 7.130
alarm_1000_18 | 5.89 | 2.801 | 8.691
alarm_1000_19 | 6.29 | 2.792 | 9.082
alarm_1000_20 | 4.48 | 2.812 | 7.292
alarm_10000_1 | 526.70 | 15.867 | 542.567
alarm_10000_2 | 453.90 | 15.883 | 469.783
alarm_10000_3 | 1044.80 | 15.809 | 1060.609
alarm_10000_4 | 1349.18 | 15.843 | 1365.023
alarm_10000_5 | 489.39 | 15.704 | 505.094
alarm_10000_6 | 704.62 | 15.698 | 720.318
alarm_10000_7 | 1106.74 | 15.645 | 1122.385
alarm_10000_8 | 712.80 | 15.855 | 728.655
alarm_10000_9 | 762.43 | 15.889 | 778.319
alarm_10000_10 | 655.99 | 15.969 | 671.959
alarm_10000_11 | 1097.89 | 16.321 | 1114.211
alarm_10000_12 | 738.03 | 16.486 | 754.516
alarm_10000_13 | 645.60 | 16.152 | 661.752
alarm_10000_14 | 524.79 | 15.925 | 540.715
alarm_10000_15 | 722.58 | 15.828 | 738.408
alarm_10000_16 | 347.08 | 15.763 | 362.843
alarm_10000_17 | 441.21 | 15.858 | 457.068
alarm_10000_18 | 649.91 | 15.789 | 665.699
alarm_10000_19 | 926.02 | 16.24 | 942.260
alarm_10000_20 | 492.26 | 17.498 | 509.758
hepar2_100_1 | 650.71 | 10.301 | 661.011
hepar2_100_2 | 362.02 | 9.716 | 371.736
hepar2_100_3 | 243.93 | 10.386 | 254.316
hepar2_100_4 | 867.72 | 9.914 | 877.634
hepar2_100_5 | 1759.24 | 10.314 | 1769.554
hepar2_100_6 | 1175.37 | 10.405 | 1185.775
hepar2_100_7 | 17966.19 | 12.231 | 17978.421
hepar2_100_8 | 812.06 | 10.267 | 822.327
hepar2_100_9 | 1164.51 | 10.312 | 1174.822
hepar2_100_10 | 142.54 | 10.41 | 152.950
hepar2_100_11 | 264.62 | 10.164 | 274.784
hepar2_100_12 | 728.31 | 10.396 | 738.706
hepar2_100_13 | 278.12 | 10.251 | 288.371
hepar2_100_14 | 419.06 | 10.41 | 429.470
hepar2_100_15 | 565.61 | 10.467 | 576.077
hepar2_100_16 | 370.36 | 10.123 | 380.483
hepar2_100_17 | 586.77 | 10.442 | 597.212
hepar2_100_18 | 345.09 | 10.196 | 355.286
hepar2_100_19 | 2772.63 | 10.44 | 2783.070
hepar2_100_20 | 278.53 | 10.148 | 288.678
hepar2_1000_1 | 0.66 | 27.007 | 27.667
hepar2_1000_2 | 0.37 | 27.021 | 27.391
hepar2_1000_3 | 0.24 | 26.65 | 26.890
hepar2_1000_4 | 0.87 | 27.017 | 27.887
hepar2_1000_5 | 0.11 | 26.92 | 27.030
hepar2_1000_6 | 0.71 | 26.87 | 27.580
hepar2_1000_7 | 2.81 | 26.819 | 29.629
hepar2_1000_8 | 0.11 | 26.773 | 26.883
hepar2_1000_9 | 1.63 | 26.935 | 28.565
hepar2_1000_10 | 1.33 | 26.583 | 27.913
hepar2_1000_11 | 0.52 | 26.883 | 27.403
hepar2_1000_12 | 0.84 | 26.779 | 27.619
hepar2_1000_13 | 0.16 | 26.916 | 27.076
hepar2_1000_14 | 0.61 | 26.787 | 27.397
hepar2_1000_15 | 0.51 | 26.971 | 27.481
hepar2_1000_16 | 0.24 | 26.737 | 26.977
hepar2_1000_17 | 2.09 | 27.003 | 29.093
hepar2_1000_18 | 1.06 | 27.158 | 28.218
hepar2_1000_19 | 0.09 | 26.789 | 26.879
hepar2_1000_20 | 1.64 | 26.803 | 28.443
hepar2_10000_1 | 6.00 | 183.094 | 189.094
hepar2_10000_2 | 2.75 | 183.611 | 186.361
hepar2_10000_3 | 5.63 | 183.699 | 189.329
hepar2_10000_4 | 4.14 | 184.148 | 188.288
hepar2_10000_5 | 2.23 | 183.817 | 186.047
hepar2_10000_6 | 2.99 | 184.432 | 187.422
hepar2_10000_7 | 3.83 | 184.165 | 187.995
hepar2_10000_8 | 1.80 | 185.471 | 187.271
hepar2_10000_9 | 2.35 | 184.309 | 186.659
hepar2_10000_10 | 2.75 | 185.425 | 188.175
hepar2_10000_11 | 3.25 | 185.05 | 188.300
hepar2_10000_12 | 2.48 | 185.25 | 187.730
hepar2_10000_13 | 4.12 | 184.117 | 188.237
hepar2_10000_14 | 4.16 | 185.536 | 189.696
hepar2_10000_15 | 2.09 | 184.016 | 186.106
hepar2_10000_16 | 3.83 | 185.869 | 189.699
hepar2_10000_17 | 5.83 | 184.074 | 189.904
hepar2_10000_18 | 5.48 | 187.915 | 193.395
hepar2_10000_19 | 4.21 | 184.066 | 188.276
hepar2_10000_20 | 7.66 | 184.197 | 191.857
andes_100_1 |  |  | 6838.299
andes_100_2 |  |  | 11130.932
andes_100_3 |  |  | 10162.018
andes_100_4 |  |  | 8296.360
andes_100_5 |  |  | 17296.000
andes_100_6 |  |  | 5461.779
andes_100_7 |  |  | 12822.618
andes_100_8 |  |  | 30761.617
andes_100_9 |  |  | 9846.617
andes_100_10 |  |  | 23000.207
andes_100_11 |  |  | 19894.767
andes_100_12 |  |  | 16155.804
andes_100_13 |  |  | 8309.084
andes_100_14 |  |  | 7042.230
andes_100_15 |  |  | 9048.597
andes_100_16 |  |  | 10340.486
andes_100_17 |  |  | 15214.600
andes_100_18 |  |  | 6643.598
andes_100_19 |  |  | 16369.126
andes_100_20 |  |  | 26350.111
andes_1000_1 |  |  | 6500.611
andes_1000_2 |  |  | 6402.155
andes_1000_3 |  |  | 28443.096
andes_1000_4 |  |  | 12367.881
andes_1000_5 |  |  | 8731.791
andes_1000_6 |  |  | 8431.300
andes_1000_7 |  |  | 11681.159
andes_1000_8 |  |  | 11809.269
andes_1000_9 |  |  | 9625.476
andes_1000_10 |  |  | 8095.508
andes_1000_11 |  |  | 13912.119
andes_1000_12 |  |  | 25542.406
andes_1000_13 |  |  | 25816.194
andes_1000_14 |  |  | 25174.317
andes_1000_15 |  |  | 13019.300
andes_1000_16 |  |  | 25746.154
andes_1000_17 |  |  | 23886.748
andes_1000_18 |  |  | 24116.177
andes_1000_19 |  |  | 11917.081
andes_1000_20 |  |  | 28143.895
andes_10000_1 |  |  | 8011.076
andes_10000_2 | 33538.35 | 255.871 | 33794.221
andes_10000_3 |  |  | 13636.447
andes_10000_4 |  |  | 11706.736
andes_10000_5 |  |  | 13432.103
andes_10000_6 |  |  | 18685.387
andes_10000_7 | 22055.35 | 258.405 | 22313.755
andes_10000_8 | 62115.05 | 272.87 | 62387.920
andes_10000_9 |  |  | 19083.268
andes_10000_10 |  |  | 33455.497
andes_10000_11 | 21157.14 | 250.141 | 21407.281
andes_10000_12 |  |  | 27843.498
andes_10000_13 | 20241.58 | 254.817 | 20496.397
andes_10000_14 | 26180.43 | 246.527 | 26426.957
andes_10000_15 |  |  | 9751.321
andes_10000_16 |  |  | 64940.224
andes_10000_17 | 16931.78 | 250.646 | 17182.426
andes_10000_18 |  |  | 20249.813
andes_10000_19 | 45777.76 | 251.625 | 46029.385
andes_10000_20 |  |  | 19211.285
