asia_100_1 | 0.051 | 0.014 | 0.065
asia_100_2 | 0.071 | 0.012 | 0.083
asia_100_3 | 0.074 | 0.018 | 0.092
asia_100_4 | 0.056 | 0.015 | 0.071
asia_100_5 | 0.007 | 0.038 | 0.045
asia_100_6 | 0.007 | 0.002 | 0.009
asia_100_7 | 0.008 | 0.055 | 0.063
asia_100_8 | 0.068 | 0.015 | 0.083
asia_100_9 | 0.044 | 0.01 | 0.054
asia_100_10 | 0.048 | 0.013 | 0.061
asia_100_11 | 0.055 | 0.017 | 0.072
asia_100_12 | 0.054 | 0.018 | 0.072
asia_100_13 | 0.068 | 0.018 | 0.086
asia_100_14 | 0.067 | 0.02 | 0.087
asia_100_15 | 0.049 | 0.010 | 0.059
asia_100_16 | 0.046 | 0.010 | 0.056
asia_100_17 | 0.039 | 0.010 | 0.049
asia_100_18 | 0.063 | 0.014 | 0.077
asia_100_19 | 0.062 | 0.012 | 0.074
asia_100_20 | 0.062 | 0.016 | 0.078
asia_1000_1 | 0.071 | 0.022 | 0.093
asia_1000_2 | 0.065 | 0.027 | 0.092
asia_1000_3 | 0.053 | 0.02 | 0.073
asia_1000_4 | 0.052 | 0.02 | 0.072
asia_1000_5 | 0.070 | 0.026 | 0.096
asia_1000_6 | 0.057 | 0.018 | 0.075
asia_1000_7 | 0.059 | 0.023 | 0.082
asia_1000_8 | 0.060 | 0.032 | 0.092
asia_1000_9 | 0.055 | 0.023 | 0.078
asia_1000_10 | 0.049 | 0.020 | 0.069
asia_1000_11 | 0.071 | 0.024 | 0.095
asia_1000_12 | 0.052 | 0.020 | 0.072
asia_1000_13 | 0.055 | 0.027 | 0.082
asia_1000_14 | 0.066 | 0.030 | 0.096
asia_1000_15 | 0.044 | 0.018 | 0.062
asia_1000_16 | 0.061 | 0.020 | 0.081
asia_1000_17 | 0.046 | 0.020 | 0.066
asia_1000_18 | 0.052 | 0.025 | 0.077
asia_1000_19 | 0.047 | 0.016 | 0.063
asia_1000_20 | 0.058 | 0.029 | 0.087
asia_10000_1 | 0.090 | 0.047 | 0.137
asia_10000_2 | 0.081 | 0.041 | 0.122
asia_10000_3 | 0.060 | 0.048 | 0.108
asia_10000_4 | 0.083 | 0.039 | 0.122
asia_10000_5 | 0.084 | 0.051 | 0.135
asia_10000_6 | 0.086 | 0.047 | 0.133
asia_10000_7 | 0.066 | 0.047 | 0.113
asia_10000_8 | 0.084 | 0.047 | 0.131
asia_10000_9 | 0.062 | 0.037 | 0.099
asia_10000_10 | 0.078 | 0.039 | 0.117
asia_10000_11 | 0.111 | 0.059 | 0.17
asia_10000_12 | 0.093 | 0.046 | 0.139
asia_10000_13 | 0.088 | 0.055 | 0.143
asia_10000_14 | 0.084 | 0.049 | 0.133
asia_10000_15 | 0.075 | 0.046 | 0.121
asia_10000_16 | 0.077 | 0.046 | 0.123
asia_10000_17 | 0.07 | 0.05 | 0.12
asia_10000_18 | 0.081 | 0.043 | 0.124
asia_10000_19 | 0.085 | 0.054 | 0.139
asia_10000_20 | 0.052 | 0.030 | 0.082
child_100_1 | 0.144 | 0.225 | 0.369
child_100_2 | 0.155 | 0.188 | 0.343
child_100_3 | 0.095 | 0.138 | 0.233
child_100_4 | 0.115 | 0.175 | 0.29
child_100_5 | 0.236 | 0.299 | 0.535
child_100_6 | 0.158 | 0.214 | 0.372
child_100_7 | 0.125 | 0.187 | 0.312
child_100_8 | 0.155 | 0.175 | 0.33
child_100_9 | 0.135 | 0.204 | 0.339
child_100_10 | 0.116 | 0.197 | 0.313
child_100_11 | 0.144 | 0.241 | 0.385
child_100_12 | 0.170 | 0.212 | 0.382
child_100_13 | 0.128 | 0.157 | 0.285
child_100_14 | 0.163 | 0.192 | 0.355
child_100_15 | 0.132 | 0.186 | 0.318
child_100_16 | 0.127 | 0.236 | 0.363
child_100_17 | 0.145 | 0.216 | 0.361
child_100_18 | 0.122 | 0.247 | 0.369
child_100_19 | 0.129 | 0.205 | 0.334
child_100_20 | 0.127 | 0.155 | 0.282
child_1000_1 | 0.403 | 0.188 | 0.591
child_1000_2 | 0.361 | 0.187 | 0.548
child_1000_3 | 0.518 | 0.269 | 0.787
child_1000_4 | 0.457 | 0.22 | 0.677
child_1000_5 | 0.495 | 0.238 | 0.733
child_1000_6 | 0.288 | 0.186 | 0.474
child_1000_7 | 0.382 | 0.212 | 0.594
child_1000_8 | 0.519 | 0.221 | 0.74
child_1000_9 | 0.458 | 0.224 | 0.682
child_1000_10 | 0.447 | 0.172 | 0.619
child_1000_11 | 0.589 | 0.227 | 0.816
child_1000_12 | 0.633 | 0.208 | 0.841
child_1000_13 | 0.329 | 0.154 | 0.483
child_1000_14 | 0.380 | 0.194 | 0.574
child_1000_15 | 0.483 | 0.223 | 0.706
child_1000_16 | 0.431 | 0.162 | 0.593
child_1000_17 | 0.464 | 0.207 | 0.671
child_1000_18 | 0.576 | 0.215 | 0.791
child_1000_19 | 0.556 | 0.228 | 0.784
child_1000_20 | 0.516 | 0.234 | 0.75
child_10000_1 | 12.667 | 0.397 | 13.064
child_10000_2 | 8.108 | 0.387 | 8.495
child_10000_3 | 8.008 | 0.430 | 8.438
child_10000_4 | 8.466 | 0.413 | 8.879
child_10000_5 | 9.015 | 0.335 | 9.35
child_10000_6 | 10.928 | 0.372 | 11.3
child_10000_7 | 11.084 | 0.407 | 11.491
child_10000_8 | 9.229 | 0.371 | 9.6
child_10000_9 | 9.633 | 0.418 | 10.051
child_10000_10 | 9.201 | 0.400 | 9.601
child_10000_11 | 15.968 | 0.478 | 16.446
child_10000_12 | 9.703 | 0.467 | 10.17
child_10000_13 | 7.867 | 0.386 | 8.253
child_10000_14 | 8.208 | 0.386 | 8.594
child_10000_15 | 10.111 | 0.346 | 10.457
child_10000_16 | 10.088 | 0.346 | 10.434
child_10000_17 | 10.589 | 0.491 | 11.08
child_10000_18 | 9.731 | 0.451 | 10.182
child_10000_19 | 12.316 | 0.378 | 12.694
child_10000_20 | 12.769 | 0.447 | 13.216
insurance_100_1 | 0.476 | 0.748 | 1.224
insurance_100_2 | 0.387 | 0.763 | 1.15
insurance_100_3 | 0.675 | 1.218 | 1.893
insurance_100_4 | 0.520 | 0.861 | 1.381
insurance_100_5 | 0.657 | 1.001 | 1.658
insurance_100_6 | 0.457 | 0.867 | 1.324
insurance_100_7 | 0.481 | 0.897 | 1.378
insurance_100_8 | 0.531 | 0.973 | 1.504
insurance_100_9 | 0.591 | 1.017 | 1.608
insurance_100_10 | 0.414 | 0.871 | 1.285
insurance_100_11 | 0.428 | 0.956 | 1.384
insurance_100_12 | 0.430 | 0.704 | 1.134
insurance_100_13 | 0.390 | 0.658 | 1.048
insurance_100_14 | 0.380 | 0.703 | 1.083
insurance_100_15 | 0.482 | 0.841 | 1.323
insurance_100_16 | 0.462 | 0.806 | 1.268
insurance_100_17 | 0.408 | 0.823 | 1.231
insurance_100_18 | 0.375 | 0.890 | 1.265
insurance_100_19 | 0.619 | 1.211 | 1.83
insurance_100_20 | 0.451 | 0.893 | 1.344
insurance_1000_1 | 0.436 | 0.445 | 0.881
insurance_1000_2 | 0.636 | 0.575 | 1.211
insurance_1000_3 | 1.069 | 0.542 | 1.611
insurance_1000_4 | 0.617 | 0.520 | 1.137
insurance_1000_5 | 0.840 | 0.519 | 1.359
insurance_1000_6 | 0.728 | 0.579 | 1.307
insurance_1000_7 | 1.503 | 0.489 | 1.992
insurance_1000_8 | 1.142 | 0.638 | 1.78
insurance_1000_9 | 0.996 | 0.506 | 1.502
insurance_1000_10 | 0.693 | 0.540 | 1.233
insurance_1000_11 | 0.798 | 0.632 | 1.43
insurance_1000_12 | 1.277 | 0.671 | 1.948
insurance_1000_13 | 0.774 | 0.544 | 1.318
insurance_1000_14 | 0.825 | 0.583 | 1.408
insurance_1000_15 | 1.291 | 0.542 | 1.833
insurance_1000_16 | 0.910 | 0.624 | 1.534
insurance_1000_17 | 0.864 | 0.448 | 1.312
insurance_1000_18 | 1.209 | 0.811 | 2.02
insurance_1000_19 | 1.361 | 0.760 | 2.121
insurance_1000_20 | 0.667 | 0.471 | 1.138
insurance_10000_1 | 13.426 | 1.251 | 14.677
insurance_10000_2 | 14.980 | 1.245 | 16.225
insurance_10000_3 | 11.055 | 1.233 | 12.288
insurance_10000_4 | 16.022 | 1.371 | 17.393
insurance_10000_5 | 19.895 | 1.361 | 21.256
insurance_10000_6 | 15.250 | 1.035 | 16.285
insurance_10000_7 | 11.208 | 1.255 | 12.463
insurance_10000_8 | 8.696 | 1.034 | 9.73
insurance_10000_9 | 11.096 | 1.378 | 12.474
insurance_10000_10 | 12.869 | 1.189 | 14.058
insurance_10000_11 | 13.019 | 1.368 | 14.387
insurance_10000_12 | 8.058 | 1.476 | 9.534
insurance_10000_13 | 9.578 | 1.102 | 10.68
insurance_10000_14 | 11.548 | 1.600 | 13.148
insurance_10000_15 | 10.365 | 1.058 | 11.423
insurance_10000_16 | 10.355 | 1.107 | 11.462
insurance_10000_17 | 9.508 | 1.231 | 10.739
insurance_10000_18 | 13.526 | 1.177 | 14.703
insurance_10000_19 | 16.553 | 1.080 | 17.633
insurance_10000_20 | 10.798 | 1.181 | 11.979
alarm_100_1 | 1.588 | 2.337 | 3.925
alarm_100_2 | 1.043 | 2.401 | 3.444
alarm_100_3 | 1.364 | 2.161 | 3.525
alarm_100_4 | 1.830 | 2.556 | 4.386
alarm_100_5 | 2.455 | 2.628 | 5.083
alarm_100_6 | 1.354 | 2.006 | 3.36
alarm_100_7 | 1.338 | 2.512 | 3.85
alarm_100_8 | 1.550 | 2.101 | 3.651
alarm_100_10 | 1.485 | 1.848 | 3.333
alarm_100_10 | 1.480 | 1.889 | 3.369
alarm_100_11 | 1.400 | 2.502 | 3.902
alarm_100_12 | 4.539 | 4.179 | 8.718
alarm_100_13 | 2.249 | 3.974 | 6.223
alarm_100_14 | 1.573 | 2.336 | 3.909
alarm_100_15 | 2.150 | 2.516 | 4.666
alarm_100_16 | 1.649 | 2.686 | 4.335
alarm_100_17 | 0.953 | 2.060 | 3.013
alarm_100_18 | 1.802 | 2.465 | 4.267
alarm_100_19 | 4.548 | 4.577 | 9.125
alarm_100_20 | 3.550 | 4.199 | 7.749
alarm_1000_1 | 1.807 | 0.951 | 2.758
alarm_1000_2 | 2.143 | 1.133 | 3.276
alarm_1000_3 | 1.887 | 1.164 | 3.051
alarm_1000_4 | 1.790 | 1.078 | 2.868
alarm_1000_5 | 1.702 | 1.001 | 2.703
alarm_1000_6 | 2.069 | 0.963 | 3.032
alarm_1000_7 | 2.096 | 1.121 | 3.217
alarm_1000_8 | 2.929 | 1.529 | 4.458
alarm_1000_9 | 3.387 | 1.253 | 4.64
alarm_1000_10 | 2.262 | 0.969 | 3.231
alarm_1000_11 | 2.122 | 1.142 | 3.264
alarm_1000_12 | 2.006 | 0.951 | 2.957
alarm_1000_13 | 3.863 | 1.644 | 5.507
alarm_1000_14 | 6.784 | 1.229 | 8.013
alarm_1000_15 | 1.661 | 1.141 | 2.802
alarm_1000_16 | 1.349 | 1.101 | 2.45
alarm_1000_17 | 5.598 | 0.977 | 6.575
alarm_1000_18 | 11.928 | 1.312 | 13.24
alarm_1000_19 | 5.199 | 1.993 | 7.192
alarm_1000_20 | 1.553 | 1.066 | 2.619
alarm_10000_1 | 27.767 | 1.958 | 29.725
alarm_10000_2 | 21.822 | 1.672 | 23.494
alarm_10000_3 | 27.929 | 1.949 | 29.878
alarm_10000_4 | 29.206 | 1.659 | 30.865
alarm_10000_5 | 27.290 | 2.510 | 29.8
alarm_10000_6 | 32.891 | 2.080 | 34.971
alarm_10000_7 | 26.877 | 1.488 | 28.365
alarm_10000_8 | 20.983 | 1.399 | 22.382
alarm_10000_9 | 18.497 | 1.344 | 19.841
alarm_10000_10 | 20.699 | 1.578 | 22.277
alarm_10000_11 | 25.302 | 1.443 | 26.745
alarm_10000_12 | 30.534 | 1.320 | 31.854
alarm_10000_13 | 23.435 | 1.406 | 24.841
alarm_10000_14 | 25.884 | 1.386 | 27.27
alarm_10000_15 | 29.259 | 1.651 | 30.91
alarm_10000_16 | 20.076 | 1.36 | 21.436
alarm_10000_17 | 21.764 | 1.595 | 23.359
alarm_10000_18 | 29.065 | 1.584 | 30.649
alarm_10000_19 | 25.377 | 1.464 | 26.841
alarm_10000_20 | 24.554 | 1.735 | 26.289
hepar2_100_1 | 9.960 | 8.891 | 18.851
hepar2_100_2 | 12.108 | 9.219 | 21.327
hepar2_100_3 | 10.130 | 8.422 | 18.552
hepar2_100_4 | 9.899 | 8.201 | 18.1
hepar2_100_5 | 13.715 | 11.006 | 24.721
hepar2_100_6 | 13.885 | 10.186 | 24.071
hepar2_100_7 | 23.808 | 17.259 | 41.067
hepar2_100_8 | 18.780 | 19.137 | 37.917
hepar2_100_9 | 22.576 | 18.606 | 41.182
hepar2_100_10 | 21.473 | 20.368 | 41.841
hepar2_100_11 | 11.553 | 7.926 | 19.479
hepar2_100_12 | 18.768 | 13.426 | 32.194
hepar2_100_13 | 14.702 | 8.496 | 23.198
hepar2_100_14 | 13.950 | 12.404 | 26.354
hepar2_100_15 | 8.637 | 11.436 | 20.073
hepar2_100_16 | 15.039 | 7.424 | 22.463
hepar2_100_17 | 15.859 | 10.065 | 25.924
hepar2_100_18 | 10.655 | 8.014 | 18.669
hepar2_100_19 | 15.812 | 9.269 | 25.081
hepar2_100_20 | 9.040 | 8.096 | 17.136
hepar2_1000_1 | 624.941 | 3.390 | 628.331
hepar2_1000_2 | 1467.652 | 3.070 | 1470.722
hepar2_1000_3 | 527.188 | 4.178 | 531.366
hepar2_1000_4 | 3065.099 | 3.572 | 3068.671
hepar2_1000_5 | 3650.082 | 3.211 | 3653.293
hepar2_1000_6 | 4154.073 | 3.958 | 4158.031
hepar2_1000_7 | 301.882 | 3.446 | 305.328
hepar2_1000_8 | 1139.575 | 5.400 | 1144.975
hepar2_1000_9 | 1972.190 | 4.142 | 1976.332
hepar2_1000_10 | 627.733 | 5.471 | 633.204
hepar2_1000_11 | 5895.510 | 3.359 | 5898.869
hepar2_1000_12 | 889.353 | 4.989 | 894.342
hepar2_1000_13 | 230.372 | 3.243 | 233.615
hepar2_1000_14 | 870.092 | 2.899 | 872.991
hepar2_1000_15 | 663.183 | 3.424 | 666.607
hepar2_1000_16 | 775.532 | 3.782 | 779.314
hepar2_1000_17 | 1575.900 | 4.549 | 1580.449
hepar2_1000_18 | 1112.122 | 5.072 | 1117.194
hepar2_1000_19 | 1133.515 | 5.773 | 1139.288
hepar2_1000_20 | 14.919 | 2.188 | 17.107
hepar2_10000_1 | 225.041 | 5.164 | 230.205
hepar2_10000_2 | 286.840 | 5.428 | 292.268
hepar2_10000_3 | 264.875 | 5.102 | 269.977
hepar2_10000_4 | 168.614 | 5.553 | 174.167
hepar2_10000_5 | 206.113 | 6.020 | 212.133
hepar2_10000_6 | 260.075 | 4.984 | 265.059
hepar2_10000_7 | 179.196 | 5.228 | 184.424
hepar2_10000_8 | 136.277 | 5.417 | 141.694
hepar2_10000_9 | 141.339 | 5.246 | 146.585
hepar2_10000_10 | 269.884 | 5.421 | 275.305
hepar2_10000_11 | 153.020 | 5.282 | 158.302
hepar2_10000_12 | 248.110 | 4.568 | 252.678
hepar2_10000_13 | 244.839 | 5.164 | 250.003
hepar2_10000_14 | 285.029 | 5.705 | 290.734
hepar2_10000_15 | 203.054 | 4.177 | 207.231
hepar2_10000_16 | 160.967 | 5.015 | 165.982
hepar2_10000_17 | 200.837 | 5.404 | 206.241
hepar2_10000_18 | 244.994 | 4.699 | 249.693
hepar2_10000_19 | 118.914 | 4.341 | 123.255
hepar2_10000_20 | 273.351 | 4.774 | 278.125
andes_100_1 | 796.415 | 314.168 | 1110.583
andes_100_2 | 730.474 | 285.972 | 1016.446
andes_100_3 | 1044.609 | 242.153 | 1286.762
andes_100_4 | 735.928 | 281.955 | 1017.883
andes_100_5 | 684.714 | 291.397 | 976.111
andes_100_6 | 656.221 | 240.103 | 896.324
andes_100_7 | 591.680 | 284.848 | 876.528
andes_100_8 | 683.457 | 424.758 | 1108.215
andes_100_9 | 903.696 | 278.194 | 1181.89
andes_100_10 | 839.985 | 328.050 | 1168.035
andes_100_11 | 1302.914 | 358.115 | 1661.029
andes_100_12 | 1054.899 | 213.881 | 1268.78
andes_100_13 | 1244.733 | 400.022 | 1644.755
andes_100_14 | 1984.449 | 253.213 | 2237.662
andes_100_15 | 775.361 | 242.399 | 1017.76
andes_100_16 | 613.198 | 291.215 | 904.413
andes_100_17 | 1566.443 | 221.334 | 1787.777
andes_100_18 | 1119.322 | 285.949 | 1405.271
andes_100_19 | 1028.938 | 253.633 | 1282.571
andes_100_20 | 528.325 | 273.812 | 802.137
andes_1000_1 | 3999.705 | 181.596 | 4181.301
andes_1000_2 | 790.130 | 196.438 | 986.568
andes_1000_3 | 3517.347 | 223.451 | 3740.798
andes_1000_4 | 4809.752 | 198.872 | 5008.624
andes_1000_5 | 1062.736 | 185.636 | 1248.372
andes_1000_6 | 4344.158 | 165.061 | 4509.219
andes_1000_7 | 1844.222 | 207.581 | 2051.803
andes_1000_8 | 2240.460 | 181.836 | 2422.296
andes_1000_9 | 2876.301 | 242.042 | 3118.343
andes_1000_10 | 10085.601 | 185.871 | 10271.472
andes_1000_11 | 1623.259 | 192.896 | 1816.155
andes_1000_12 | 37387.810 | 160.519 | 37548.329
andes_1000_13 | 6603.366 | 175.680 | 6779.046
andes_1000_14 | 1028.144 | 193.239 | 1221.383
andes_1000_15 | 828.102 | 208.754 | 1036.856
andes_1000_16 | 1078.498 | 174.612 | 1253.11
andes_1000_17 | 1338.536 | 181.166 | 1519.702
andes_1000_19 | 1462.942 | 235.361 | 1698.303
andes_1000_20 | 14299.13 | 180.545 | 14479.675
andes_10000_1 | 241.826 | 277.366 | 519.192
andes_10000_2 | 237.398 | 264.243 | 501.641
andes_10000_3 | 244.256 | 229.314 | 473.57
andes_10000_4 | 137.114 | 244.569 | 381.683
andes_10000_5 | 255.009 | 242.235 | 497.244
andes_10000_6 | 237.165 | 237.629 | 474.794
andes_10000_7 | 132.731 | 216.510 | 349.241
andes_10000_8 | 231.821 | 265.979 | 497.8
andes_10000_9 | 239.200 | 239.216 | 478.416
andes_10000_10 | 226.419 | 252.686 | 479.105
andes_10000_11 | 236.450 | 222.829 | 459.279
andes_10000_12 | 239.040 | 241.448 | 480.488
andes_10000_13 | 241.470 | 198.936 | 440.406
andes_10000_14 | 226.756 | 221.946 | 448.702
andes_10000_15 | 121.322 | 199.569 | 320.891
andes_10000_16 | 239.893 | 216.465 | 456.358
andes_10000_17 | 235.292 | 277.424 | 512.716
andes_10000_18 | 241.194 | 266.914 | 508.108
andes_10000_19 | 224.509 | 241.861 | 466.37
andes_10000_20 | 123.993 | 210.146 | 334.139
