asia_100_1 | 0.08 | 0.204 | 0.284
asia_100_2 | 0.01 | 0.035 | 0.045
asia_100_3 | 0.05 | 0.092 | 0.142
asia_100_4 | 0.05 | 0.127 | 0.177
asia_100_5 | 0.01 | 0.039 | 0.049
asia_100_6 | 0.01 | 0.032 | 0.042
asia_100_7 | 0.01 | 0.037 | 0.047
asia_100_8 | 0.01 | 0.037 | 0.047
asia_100_9 | 0.01 | 0.036 | 0.046
asia_100_10 | 0.01 | 0.029 | 0.039
asia_100_11 | 0.01 | 0.035 | 0.045
asia_100_12 | 0.04 | 0.094 | 0.134
asia_100_13 | 0.01 | 0.078 | 0.088
asia_100_14 | 0.01 | 0.037 | 0.047
asia_100_15 | 0.01 | 0.036 | 0.046
asia_100_16 | 0.01 | 0.075 | 0.085
asia_100_17 | 0.01 | 0.032 | 0.042
asia_100_18 | 0.01 | 0.03 | 0.040
asia_100_19 | 0.01 | 0.077 | 0.087
asia_100_20 | 0.01 | 0.022 | 0.032
asia_1000_1 | 0.01 | 0.185 | 0.195
asia_1000_2 | 0.01 | 0.089 | 0.099
asia_1000_3 | 0.01 | 0.04 | 0.050
asia_1000_4 | 0.01 | 0.183 | 0.193
asia_1000_5 | 0.01 | 0.088 | 0.098
asia_1000_6 | 0.01 | 0.034 | 0.044
asia_1000_7 | 0.01 | 0.035 | 0.045
asia_1000_8 | 0.03 | 0.039 | 0.069
asia_1000_9 | 0.01 | 0.037 | 0.047
asia_1000_10 | 0.01 | 0.026 | 0.036
asia_1000_11 | 0.01 | 0.033 | 0.043
asia_1000_12 | 0.01 | 0.057 | 0.067
asia_1000_13 | 0.01 | 0.039 | 0.049
asia_1000_14 | 0.01 | 0.043 | 0.053
asia_1000_15 | 0.01 | 0.049 | 0.059
asia_1000_16 | 0.01 | 0.04 | 0.050
asia_1000_17 | 0.01 | 0.034 | 0.044
asia_1000_18 | 0.01 | 0.04 | 0.050
asia_1000_19 | 0.01 | 0.027 | 0.037
asia_1000_20 | 0.01 | 0.037 | 0.047
asia_10000_1 | 0.01 | 0.062 | 0.072
asia_10000_2 | 0.01 | 0.063 | 0.073
asia_10000_3 | 0.01 | 0.053 | 0.063
asia_10000_4 | 0.01 | 0.04 | 0.050
asia_10000_5 | 0.01 | 0.058 | 0.068
asia_10000_6 | 0.01 | 0.031 | 0.041
asia_10000_7 | 0.05 | 0.024 | 0.074
asia_10000_8 | 0.01 | 0.044 | 0.054
asia_10000_9 | 0.01 | 0.041 | 0.051
asia_10000_10 | 0.01 | 0.034 | 0.044
asia_10000_11 | 0.01 | 0.048 | 0.058
asia_10000_12 | 0.01 | 0.043 | 0.053
asia_10000_13 | 0.01 | 0.029 | 0.039
asia_10000_14 | 0.01 | 0.037 | 0.047
asia_10000_15 | 0.01 | 0.035 | 0.045
asia_10000_16 | 0.01 | 0.035 | 0.045
asia_10000_17 | 0.01 | 0.043 | 0.053
asia_10000_18 | 0.01 | 0.066 | 0.076
asia_10000_19 | 0.01 | 0.034 | 0.044
asia_10000_20 | 0.01 | 0.039 | 0.049
child_100_1 | 0.11 | 0.169 | 0.279
child_100_2 | 0.04 | 0.05 | 0.090
child_100_3 | 0.10 | 0.093 | 0.193
child_100_4 | 0.05 | 0.116 | 0.166
child_100_5 | 0.11 | 0.152 | 0.262
child_100_6 | 0.16 | 0.128 | 0.288
child_100_7 | 0.17 | 0.151 | 0.321
child_100_8 | 0.04 | 0.028 | 0.068
child_100_9 | 0.09 | 0.048 | 0.138
child_100_10 | 0.13 | 0.091 | 0.221
child_100_11 | 0.06 | 0.037 | 0.097
child_100_12 | 0.04 | 0.039 | 0.079
child_100_13 | 0.05 | 0.036 | 0.086
child_100_14 | 0.13 | 0.063 | 0.193
child_100_15 | 0.07 | 0.036 | 0.106
child_100_16 | 0.04 | 0.037 | 0.077
child_100_17 | 0.05 | 0.04 | 0.090
child_100_18 | 0.05 | 0.017 | 0.067
child_100_19 | 0.05 | 0.036 | 0.086
child_100_20 | 0.02 | 0.032 | 0.052
child_1000_1 | 0.04 | 0.035 | 0.075
child_1000_2 | 0.08 | 0.036 | 0.116
child_1000_3 | 0.08 | 0.039 | 0.119
child_1000_4 | 0.08 | 0.044 | 0.124
child_1000_5 | 0.06 | 0.053 | 0.113
child_1000_6 | 0.04 | 0.045 | 0.085
child_1000_7 | 0.05 | 0.036 | 0.086
child_1000_8 | 0.08 | 0.037 | 0.117
child_1000_9 | 0.04 | 0.052 | 0.092
child_1000_10 | 0.08 | 0.039 | 0.119
child_1000_11 | 0.04 | 0.042 | 0.082
child_1000_12 | 0.02 | 0.039 | 0.059
child_1000_13 | 0.06 | 0.022 | 0.082
child_1000_14 | 0.07 | 0.042 | 0.112
child_1000_15 | 0.05 | 0.039 | 0.089
child_1000_16 | 0.09 | 0.035 | 0.125
child_1000_17 | 0.05 | 0.035 | 0.085
child_1000_18 | 0.04 | 0.04 | 0.080
child_1000_19 | 0.07 | 0.045 | 0.115
child_1000_20 | 0.05 | 0.031 | 0.081
child_10000_1 | 0.06 | 0.04 | 0.100
child_10000_2 | 0.06 | 0.121 | 0.181
child_10000_3 | 0.05 | 0.059 | 0.109
child_10000_4 | 0.06 | 0.041 | 0.101
child_10000_5 | 0.05 | 0.052 | 0.102
child_10000_6 | 0.09 | 0.092 | 0.182
child_10000_7 | 0.06 | 0.043 | 0.103
child_10000_8 | 0.06 | 0.038 | 0.098
child_10000_9 | 0.05 | 0.041 | 0.091
child_10000_10 | 0.06 | 0.022 | 0.082
child_10000_11 | 0.05 | 0.049 | 0.099
child_10000_12 | 0.07 | 0.03 | 0.100
child_10000_13 | 0.05 | 0.046 | 0.096
child_10000_14 | 0.05 | 0.03 | 0.080
child_10000_15 | 0.06 | 0.048 | 0.108
child_10000_16 | 0.05 | 0.048 | 0.098
child_10000_17 | 0.06 | 0.038 | 0.098
child_10000_18 | 0.05 | 0.039 | 0.089
child_10000_19 | 0.05 | 0.049 | 0.099
child_10000_20 | 0.20 | 0.031 | 0.231
insurance_100_1 | 0.48 | 0.051 | 0.531
insurance_100_2 | 0.16 | 0.101 | 0.261
insurance_100_3 | 0.28 | 0.045 | 0.325
insurance_100_4 | 0.14 | 0.093 | 0.233
insurance_100_5 | 0.12 | 0.062 | 0.182
insurance_100_6 | 0.56 | 0.044 | 0.604
insurance_100_7 | 0.28 | 0.041 | 0.321
insurance_100_8 | 0.11 | 0.028 | 0.138
insurance_100_9 | 0.08 | 0.044 | 0.124
insurance_100_10 | 0.19 | 0.044 | 0.234
insurance_100_11 | 0.16 | 0.027 | 0.187
insurance_100_12 | 0.15 | 0.045 | 0.195
insurance_100_13 | 0.20 | 0.036 | 0.236
insurance_100_14 | 0.28 | 0.035 | 0.315
insurance_100_15 | 0.14 | 0.036 | 0.176
insurance_100_16 | 0.17 | 0.044 | 0.214
insurance_100_17 | 0.08 | 0.049 | 0.129
insurance_100_18 | 0.14 | 0.042 | 0.182
insurance_100_19 | 0.76 | 0.062 | 0.822
insurance_100_20 | 0.11 | 0.035 | 0.145
insurance_1000_1 | 0.05 | 0.044 | 0.094
insurance_1000_2 | 0.09 | 0.039 | 0.129
insurance_1000_3 | 0.09 | 0.036 | 0.126
insurance_1000_4 | 0.09 | 0.044 | 0.134
insurance_1000_5 | 0.34 | 0.053 | 0.393
insurance_1000_6 | 0.12 | 0.04 | 0.160
insurance_1000_7 | 0.19 | 0.047 | 0.237
insurance_1000_8 | 0.19 | 0.042 | 0.232
insurance_1000_9 | 0.09 | 0.043 | 0.133
insurance_1000_10 | 0.10 | 0.04 | 0.140
insurance_1000_11 | 0.14 | 0.044 | 0.184
insurance_1000_12 | 0.19 | 0.038 | 0.228
insurance_1000_13 | 0.15 | 0.024 | 0.174
insurance_1000_14 | 0.14 | 0.043 | 0.183
insurance_1000_15 | 0.14 | 0.036 | 0.176
insurance_1000_16 | 0.08 | 0.024 | 0.104
insurance_1000_17 | 0.05 | 0.041 | 0.091
insurance_1000_18 | 0.14 | 0.039 | 0.179
insurance_1000_19 | 0.07 | 0.039 | 0.109
insurance_1000_20 | 0.23 | 0.051 | 0.281
insurance_10000_1 | 0.38 | 0.049 | 0.429
insurance_10000_2 | 0.20 | 0.051 | 0.251
insurance_10000_3 | 0.63 | 0.053 | 0.683
insurance_10000_4 | 0.26 | 0.06 | 0.320
insurance_10000_5 | 0.26 | 0.031 | 0.291
insurance_10000_6 | 0.18 | 0.056 | 0.236
insurance_10000_7 | 0.23 | 0.038 | 0.268
insurance_10000_8 | 0.32 | 0.136 | 0.456
insurance_10000_9 | 0.18 | 0.08 | 0.260
insurance_10000_10 | 0.76 | 0.136 | 0.896
insurance_10000_11 | 0.39 | 0.071 | 0.461
insurance_10000_12 | 0.28 | 0.046 | 0.326
insurance_10000_13 | 0.33 | 0.04 | 0.370
insurance_10000_14 | 0.20 | 0.047 | 0.247
insurance_10000_15 | 0.11 | 0.046 | 0.156
insurance_10000_16 | 0.27 | 0.027 | 0.297
insurance_10000_17 | 0.40 | 0.044 | 0.444
insurance_10000_18 | 0.31 | 0.034 | 0.344
insurance_10000_19 | 0.42 | 0.062 | 0.482
insurance_10000_20 | 0.28 | 0.037 | 0.317
alarm_100_1 | 1.70 | 0.118 | 1.818
alarm_100_2 | 5.66 | 0.222 | 5.882
alarm_100_3 | 3.16 | 0.215 | 3.375
alarm_100_4 | 1.60 | 0.16 | 1.760
alarm_100_5 | 3.52 | 0.172 | 3.692
alarm_100_6 | 2.18 | 0.189 | 2.369
alarm_100_7 | 2.55 | 0.242 | 2.792
alarm_100_11 | 2.80 | 0.503 | 3.303
alarm_100_12 | 2.41 | 0.542 | 2.952
alarm_100_13 | 2.23 | 0.518 | 2.748
alarm_100_14 | 1.23 | 0.183 | 1.413
alarm_100_15 | 2.64 | 0.224 | 2.864
alarm_100_17 | 2.07 | 0.337 | 2.407
alarm_1000_1 | 1.42 | 0.064 | 1.484
alarm_1000_2 | 0.68 | 0.07 | 0.750
alarm_1000_3 | 0.86 | 0.052 | 0.912
alarm_1000_4 | 0.99 | 0.056 | 1.046
alarm_1000_5 | 0.70 | 0.043 | 0.743
alarm_1000_6 | 0.89 | 0.085 | 0.975
alarm_1000_7 | 0.33 | 0.04 | 0.370
alarm_1000_8 | 1.49 | 0.061 | 1.551
alarm_1000_9 | 0.62 | 0.067 | 0.687
alarm_1000_10 | 0.28 | 0.043 | 0.323
alarm_1000_11 | 1.12 | 0.383 | 1.503
alarm_1000_12 | 0.62 | 0.065 | 0.685
alarm_1000_13 | 0.97 | 0.095 | 1.065
alarm_1000_14 | 0.95 | 0.078 | 1.028
alarm_1000_15 | 0.77 | 0.053 | 0.823
alarm_1000_16 | 0.52 | 0.061 | 0.581
alarm_1000_17 | 0.73 | 0.055 | 0.785
alarm_1000_18 | 0.88 | 0.062 | 0.942
alarm_1000_19 | 0.91 | 0.075 | 0.985
alarm_1000_20 | 0.35 | 0.042 | 0.392
alarm_10000_1 | 0.92 | 0.046 | 0.966
alarm_10000_2 | 0.56 | 0.046 | 0.606
alarm_10000_3 | 1.30 | 0.079 | 1.379
alarm_10000_4 | 1.45 | 0.063 | 1.513
alarm_10000_5 | 1.03 | 0.046 | 1.076
alarm_10000_6 | 1.80 | 0.068 | 1.868
alarm_10000_7 | 1.08 | 0.041 | 1.121
alarm_10000_8 | 1.18 | 0.094 | 1.274
alarm_10000_9 | 0.63 | 0.064 | 0.694
alarm_10000_10 | 0.50 | 0.064 | 0.564
alarm_10000_11 | 0.39 | 0.044 | 0.434
alarm_10000_12 | 1.06 | 0.208 | 1.268
alarm_10000_13 | 0.66 | 0.074 | 0.734
alarm_10000_14 | 1.17 | 0.054 | 1.224
alarm_10000_15 | 0.43 | 0.092 | 0.522
alarm_10000_16 | 1.47 | 0.033 | 1.503
alarm_10000_17 | 0.99 | 0.073 | 1.063
alarm_10000_18 | 0.82 | 0.072 | 0.892
alarm_10000_19 | 1.63 | 0.05 | 1.680
alarm_10000_20 | 0.95 | 0.071 | 1.021
hepar2_100_1 | 5.29 | 0.059 | 5.349
hepar2_100_2 | 1.15 | 0.049 | 1.199
hepar2_100_3 | 0.86 | 0.045 | 0.905
hepar2_100_4 | 0.48 | 0.031 | 0.511
hepar2_100_5 | 0.45 | 0.032 | 0.482
hepar2_100_6 | 0.57 | 0.048 | 0.618
hepar2_100_7 | 0.08 | 0.04 | 0.120
hepar2_100_8 |  |  | 0.013
hepar2_100_9 | 1.23 | 0.051 | 1.281
hepar2_100_10 | 0.81 | 0.038 | 0.848
hepar2_100_11 | 0.28 | 0.48 | 0.760
hepar2_100_12 | 0.95 | 0.046 | 0.996
hepar2_100_13 | 0.14 | 0.047 | 0.187
hepar2_100_15 | 0.08 | 0.044 | 0.124
hepar2_100_16 | 0.35 | 0.042 | 0.392
hepar2_100_17 | 0.06 | 0.05 | 0.110
hepar2_100_18 | 0.30 | 0.051 | 0.351
hepar2_100_20 | 0.13 | 0.038 | 0.168
hepar2_1000_1 | 0.17 | 0.044 | 0.214
hepar2_1000_2 | 0.08 | 0.057 | 0.137
hepar2_1000_3 | 0.07 | 0.066 | 0.136
hepar2_1000_4 | 0.08 | 0.04 | 0.120
hepar2_1000_5 | 0.07 | 0.031 | 0.101
hepar2_1000_6 | 0.10 | 0.032 | 0.132
hepar2_1000_7 | 0.13 | 0.036 | 0.166
hepar2_1000_8 | 0.02 | 0.046 | 0.066
hepar2_1000_9 | 0.08 | 0.036 | 0.116
hepar2_1000_10 | 0.06 | 0.039 | 0.099
hepar2_1000_11 | 0.07 | 0.029 | 0.099
hepar2_1000_12 | 0.88 | 0.044 | 0.924
hepar2_1000_13 | 0.13 | 0.137 | 0.267
hepar2_1000_14 | 0.08 | 0.045 | 0.125
hepar2_1000_15 | 0.08 | 0.045 | 0.125
hepar2_1000_16 | 0.05 | 0.045 | 0.095
hepar2_1000_17 | 0.08 | 0.045 | 0.125
hepar2_1000_18 | 0.07 | 0.043 | 0.113
hepar2_1000_19 | 0.09 | 0.048 | 0.138
hepar2_1000_20 | 0.15 | 0.053 | 0.203
hepar2_10000_1 | 0.30 | 0.073 | 0.373
hepar2_10000_2 | 0.27 | 0.101 | 0.371
hepar2_10000_3 | 0.10 | 0.075 | 0.175
hepar2_10000_4 | 0.41 | 0.065 | 0.475
hepar2_10000_5 | 0.17 | 0.071 | 0.241
hepar2_10000_6 | 0.20 | 0.081 | 0.281
hepar2_10000_7 | 0.13 | 0.052 | 0.182
hepar2_10000_8 | 0.12 | 0.046 | 0.166
hepar2_10000_9 | 0.15 | 0.061 | 0.211
hepar2_10000_10 | 0.38 | 0.068 | 0.448
hepar2_10000_11 | 0.17 | 0.081 | 0.251
hepar2_10000_12 | 0.30 | 0.083 | 0.383
hepar2_10000_13 | 0.08 | 0.074 | 0.154
hepar2_10000_14 | 0.13 | 0.066 | 0.196
hepar2_10000_15 | 0.24 | 0.048 | 0.288
hepar2_10000_16 | 0.12 | 0.063 | 0.183
hepar2_10000_17 | 0.12 | 0.065 | 0.185
hepar2_10000_18 | 0.12 | 0.076 | 0.196
hepar2_10000_19 | 0.11 | 0.063 | 0.173
hepar2_10000_20 | 0.12 | 0.078 | 0.198
andes_100_1 |  |  | 
andes_100_2 |  |  | 
andes_100_3 |  |  | 
andes_100_4 |  |  | 
andes_100_5 |  |  | 
andes_100_6 |  |  | 
andes_100_7 |  |  | 
andes_100_8 |  |  | 
andes_100_9 |  |  | 
andes_100_10 |  |  | 
andes_100_11 |  |  | 
andes_100_12 |  |  | 
andes_100_13 |  |  | 
andes_100_14 |  |  | 
andes_100_15 |  |  | 
andes_100_16 |  |  | 
andes_100_17 |  |  | 
andes_100_18 |  |  | 
andes_100_19 |  |  | 
andes_100_20 |  |  | 
andes_1000_1 | 3.53 | 0.054 | 3.584
andes_1000_2 | 7.23 | 0.073 | 7.303
andes_1000_3 | 0.87 | 0.056 | 0.926
andes_1000_4 | 1.58 | 0.053 | 1.633
andes_1000_5 | 3.78 | 0.068 | 3.848
andes_1000_6 | 2.65 | 0.077 | 2.727
andes_1000_7 | 3.69 | 0.061 | 3.751
andes_1000_8 | 2.55 | 0.065 | 2.615
andes_1000_9 | 3.43 | 0.064 | 3.494
andes_1000_10 | 1.31 | 0.057 | 1.367
andes_1000_11 | 2.01 | 0.049 | 2.059
andes_1000_12 | 0.47 | 0.065 | 0.535
andes_1000_13 | 2.50 | 0.061 | 2.561
andes_1000_14 | 1.62 | 0.06 | 1.680
andes_1000_15 | 4.67 | 0.086 | 4.756
andes_1000_16 | 0.84 | 0.056 | 0.896
andes_1000_17 | 3.61 | 0.064 | 3.674
andes_1000_18 |  |  | 0.015
andes_1000_19 | 2.73 | 0.057 | 2.787
andes_1000_20 | 2.64 | 0.058 | 2.698
andes_10000_1 | 0.57 | 0.417 | 0.987
andes_10000_2 | 0.72 | 0.435 | 1.155
andes_10000_3 | 0.48 | 0.271 | 0.751
andes_10000_4 | 0.90 | 0.116 | 1.016
andes_10000_5 | 0.63 | 0.125 | 0.755
andes_10000_6 | 0.49 | 0.115 | 0.605
andes_10000_7 | 0.43 | 0.126 | 0.556
andes_10000_8 | 0.43 | 0.12 | 0.550
andes_10000_9 | 0.68 | 0.136 | 0.816
andes_10000_10 | 0.57 | 0.112 | 0.682
andes_10000_11 | 0.50 | 0.142 | 0.642
andes_10000_12 | 0.48 | 0.122 | 0.602
andes_10000_13 | 0.57 | 0.131 | 0.701
andes_10000_14 | 0.47 | 0.14 | 0.610
andes_10000_15 | 0.53 | 0.122 | 0.652
andes_10000_16 | 0.42 | 0.145 | 0.565
andes_10000_17 | 0.50 | 0.107 | 0.607
andes_10000_18 | 0.54 | 0.116 | 0.656
andes_10000_19 | 0.47 | 0.121 | 0.591
andes_10000_20 | 0.78 | 0.121 | 0.901
